Compiler version,clang version 4.0.0 (trunk 288194)
Compiler flags,-Oz

Date,2016-11-29
Revision,288194

mpgcut-1.1,mpgcut.c.o,9685
jpeg-6b,ansi2knr.c.o,3383
jpeg-6b,cdjpeg.c.o,248
jpeg-6b,cjpeg.c.o,6595
jpeg-6b,ckconfig.c.o,2676
jpeg-6b,djpeg.c.o,7162
jpeg-6b,jcapimin.c.o,1114
jpeg-6b,jcapistd.c.o,646
jpeg-6b,jccoefct.c.o,2319
jpeg-6b,jccolor.c.o,1816
jpeg-6b,jcdctmgr.c.o,1833
jpeg-6b,jchuff.c.o,4086
jpeg-6b,jcinit.c.o,228
jpeg-6b,jcmainct.c.o,567
jpeg-6b,jcmarker.c.o,2719
jpeg-6b,jcmaster.c.o,3079
jpeg-6b,jcomapi.c.o,277
jpeg-6b,jcparam.c.o,3859
jpeg-6b,jcphuff.c.o,3667
jpeg-6b,jcprepct.c.o,1792
jpeg-6b,jcsample.c.o,2708
jpeg-6b,jctrans.c.o,1722
jpeg-6b,jdapimin.c.o,1532
jpeg-6b,jdapistd.c.o,1256
jpeg-6b,jdatadst.c.o,476
jpeg-6b,jdatasrc.c.o,505
jpeg-6b,jdcoefct.c.o,4341
jpeg-6b,jdcolor.c.o,1621
jpeg-6b,jddctmgr.c.o,1016
jpeg-6b,jdhuff.c.o,3322
jpeg-6b,jdinput.c.o,1613
jpeg-6b,jdmainct.c.o,2041
jpeg-6b,jdmarker.c.o,8312
jpeg-6b,jdmaster.c.o,2214
jpeg-6b,jdmerge.c.o,1923
jpeg-6b,jdphuff.c.o,3823
jpeg-6b,jdpostct.c.o,1138
jpeg-6b,jdsample.c.o,2151
jpeg-6b,jdtrans.c.o,461
jpeg-6b,jerror.c.o,6199
jpeg-6b,jfdctflt.c.o,714
jpeg-6b,jfdctfst.c.o,562
jpeg-6b,jfdctint.c.o,805
jpeg-6b,jidctflt.c.o,1181
jpeg-6b,jidctfst.c.o,1028
jpeg-6b,jidctint.c.o,1263
jpeg-6b,jidctred.c.o,1419
jpeg-6b,jmemmgr.c.o,4303
jpeg-6b,jmemnobs.c.o,236
jpeg-6b,jpegtran.c.o,4634
jpeg-6b,jquant1.c.o,3606
jpeg-6b,jquant2.c.o,5225
jpeg-6b,jutils.c.o,599
jpeg-6b,rdbmp.c.o,2835
jpeg-6b,rdcolmap.c.o,1221
jpeg-6b,rdgif.c.o,149
jpeg-6b,rdjpgcom.c.o,2598
jpeg-6b,rdppm.c.o,2365
jpeg-6b,rdrle.c.o,0
jpeg-6b,rdswitch.c.o,2583
jpeg-6b,rdtarga.c.o,2301
jpeg-6b,transupp.c.o,5922
jpeg-6b,wrbmp.c.o,2178
jpeg-6b,wrgif.c.o,1787
jpeg-6b,wrjpgcom.c.o,3478
jpeg-6b,wrppm.c.o,839
jpeg-6b,wrrle.c.o,0
jpeg-6b,wrtarga.c.o,1119
zlib-1.1.4,adler32.c.o,467
zlib-1.1.4,compress.c.o,265
zlib-1.1.4,crc32.c.o,2437
zlib-1.1.4,deflate.c.o,7180
zlib-1.1.4,example.c.o,5418
zlib-1.1.4,gzio.c.o,4986
zlib-1.1.4,infblock.c.o,4089
zlib-1.1.4,infcodes.c.o,2150
zlib-1.1.4,inffast.c.o,1470
zlib-1.1.4,inflate.c.o,2323
zlib-1.1.4,inftrees.c.o,2789
zlib-1.1.4,infutil.c.o,418
zlib-1.1.4,minigzip.c.o,1641
zlib-1.1.4,trees.c.o,9654
zlib-1.1.4,uncompr.c.o,229
zlib-1.1.4,zutil.c.o,274
replaypc-0.4.0.preproc,ReplayPC.o,6092
replaypc-0.4.0.preproc,addressbook.o,1183
replaypc-0.4.0.preproc,bigfile.o,681
replaypc-0.4.0.preproc,build-ndx.o,1000
replaypc-0.4.0.preproc,cg.o,3613
replaypc-0.4.0.preproc,channelset.o,385
replaypc-0.4.0.preproc,crypt-test.o,2398
replaypc-0.4.0.preproc,crypt.o,1496
replaypc-0.4.0.preproc,dump-addressbook.o,788
replaypc-0.4.0.preproc,dump-cg2.o,734
replaypc-0.4.0.preproc,dump-channelset.o,624
replaypc-0.4.0.preproc,dump-filedarray.o,824
replaypc-0.4.0.preproc,dump-guide.o,973
replaypc-0.4.0.preproc,dump-headend.o,597
replaypc-0.4.0.preproc,dump-programset.o,1005
replaypc-0.4.0.preproc,dump-replaychannels.o,531
replaypc-0.4.0.preproc,dump-replayshows.o,526
replaypc-0.4.0.preproc,dump-zipcode2.o,526
replaypc-0.4.0.preproc,dump.o,2649
replaypc-0.4.0.preproc,filedarray.o,434
replaypc-0.4.0.preproc,find-GOPs.o,518
replaypc-0.4.0.preproc,guide.o,10278
replaypc-0.4.0.preproc,guideclient.o,1230
replaypc-0.4.0.preproc,headend.o,1386
replaypc-0.4.0.preproc,httpclient.o,4659
replaypc-0.4.0.preproc,httpfs.o,9409
replaypc-0.4.0.preproc,httpfsclient.o,3904
replaypc-0.4.0.preproc,mark-commercial.o,2768
replaypc-0.4.0.preproc,ndx-dump.o,5679
replaypc-0.4.0.preproc,ndx.o,913
replaypc-0.4.0.preproc,program.o,2993
replaypc-0.4.0.preproc,rddns.o,948
replaypc-0.4.0.preproc,rddnsclient.o,1870
replaypc-0.4.0.preproc,rtv.o,1810
replaypc-0.4.0.preproc,rtvguide.o,2019
replaypc-0.4.0.preproc,sleep.o,90
replaypc-0.4.0.preproc,un-protect.o,1654
replaypc-0.4.0.preproc,version-test.o,279
replaypc-0.4.0.preproc,zipcode.o,611
OpenTCP-1.0.4,arp.c.o,2595
OpenTCP-1.0.4,bootp.c.o,881
OpenTCP-1.0.4,dhcpc.c.o,1737
OpenTCP-1.0.4,dns.c.o,1538
OpenTCP-1.0.4,ethernet.c.o,2371
OpenTCP-1.0.4,http_server.c.o,1834
OpenTCP-1.0.4,https_callbacks.c.o,693
OpenTCP-1.0.4,icmp.c.o,494
OpenTCP-1.0.4,ip.c.o,2741
OpenTCP-1.0.4,main_demo.c.o,335
OpenTCP-1.0.4,pop3_client.c.o,4558
OpenTCP-1.0.4,pop3c_callbacks.c.o,179
OpenTCP-1.0.4,smtp_client.c.o,2613
OpenTCP-1.0.4,smtpc_callbacks.c.o,192
OpenTCP-1.0.4,system.c.o,1344
OpenTCP-1.0.4,tcp.c.o,6710
OpenTCP-1.0.4,tcp_client_demo.c.o,413
OpenTCP-1.0.4,tcp_server_demo.c.o,412
OpenTCP-1.0.4,tftps.c.o,1096
OpenTCP-1.0.4,timers.c.o,380
OpenTCP-1.0.4,udp.c.o,1848
OpenTCP-1.0.4,udp_demo.c.o,328
bzip2-1.0.2,blocksort.c.o,8031
bzip2-1.0.2,bzip2.c.o,18404
bzip2-1.0.2,bzip2recover.c.o,3802
bzip2-1.0.2,bzlib.c.o,12147
bzip2-1.0.2,compress.c.o,9017
bzip2-1.0.2,crctable.c.o,0
bzip2-1.0.2,decompress.c.o,10224
bzip2-1.0.2,huffman.c.o,1153
bzip2-1.0.2,randtable.c.o,0
mpeg2dec-0.3.1,alloc.c.o,182
mpeg2dec-0.3.1,cpu_accel.c.o,51
mpeg2dec-0.3.1,cpu_state.c.o,49
mpeg2dec-0.3.1,decode.c.o,2849
mpeg2dec-0.3.1,extract_mpeg2.c.o,4445
mpeg2dec-0.3.1,getopt.c.o,0
mpeg2dec-0.3.1,gettimeofday.c.o,0
mpeg2dec-0.3.1,header.c.o,4845
mpeg2dec-0.3.1,idct.c.o,1739
mpeg2dec-0.3.1,idct_alpha.c.o,0
mpeg2dec-0.3.1,idct_altivec.c.o,0
mpeg2dec-0.3.1,idct_mlib.c.o,0
mpeg2dec-0.3.1,idct_mmx.c.o,0
mpeg2dec-0.3.1,motion_comp.c.o,6005
mpeg2dec-0.3.1,motion_comp_alpha.c.o,0
mpeg2dec-0.3.1,motion_comp_altivec.c.o,0
mpeg2dec-0.3.1,motion_comp_mlib.c.o,0
mpeg2dec-0.3.1,motion_comp_mmx.c.o,0
mpeg2dec-0.3.1,mpeg2dec.c.o,6103
mpeg2dec-0.3.1,slice.c.o,20423
mpeg2dec-0.3.1,video_out.c.o,112
mpeg2dec-0.3.1,video_out_dx.c.o,0
mpeg2dec-0.3.1,video_out_null.c.o,453
mpeg2dec-0.3.1,video_out_pgm.c.o,811
mpeg2dec-0.3.1,video_out_sdl.c.o,1056
mpeg2dec-0.3.1,video_out_x11.c.o,0
mpeg2dec-0.3.1,yuv2rgb.c.o,4627
mpeg2dec-0.3.1,yuv2rgb_mlib.c.o,0
mpeg2dec-0.3.1,yuv2rgb_mmx.c.o,0
jikespg-1.3,ctabs.c.o,50189
jikespg-1.3,globals.c.o,56
jikespg-1.3,lpgparse.c.o,47865
jikespg-1.3,lpgutil.c.o,5907
jikespg-1.3,main.c.o,6790
jikespg-1.3,mkfirst.c.o,15217
jikespg-1.3,mkred.c.o,7307
jikespg-1.3,mkstates.c.o,3184
jikespg-1.3,partset.c.o,1975
jikespg-1.3,prntstat.c.o,3900
jikespg-1.3,produce.c.o,11681
jikespg-1.3,ptables.c.o,3316
jikespg-1.3,remsp.c.o,7995
jikespg-1.3,resolve.c.o,13792
jikespg-1.3,spacetab.c.o,21213
jikespg-1.3,tabutil.c.o,15076
jikespg-1.3,timetab.c.o,10107
libmspack,cabc.c.o,68
libmspack,cabd.c.o,8017
libmspack,cabd_md5.c.o,1540
libmspack,cabd_test.c.o,11736
libmspack,cabextract_md5.c.o,28682
libmspack,cabrip.c.o,660
libmspack,chmc.c.o,68
libmspack,chmd.c.o,5683
libmspack,chmd_md5.c.o,1486
libmspack,hlpc.c.o,68
libmspack,hlpd.c.o,68
libmspack,kwajc.c.o,68
libmspack,kwajd.c.o,68
libmspack,litc.c.o,68
libmspack,litd.c.o,68
libmspack,lzxc.c.o,0
libmspack,lzxd.c.o,8811
libmspack,md5.c.o,3312
libmspack,mszipc.c.o,0
libmspack,mszipd.c.o,107
libmspack,qtmc.c.o,0
libmspack,qtmd.c.o,6180
libmspack,system.c.o,1150
libmspack,szddc.c.o,68
libmspack,szddd.c.o,68
compiler,cg.c.o,3450
compiler,main.c.o,3081
compiler,parser.c.o,5779
compiler,scanner.c.o,3833
compiler,vam.c.o,5383
compiler,vas.c.o,6534
teem-1.6.0-src,1op.c.o,2092
teem-1.6.0-src,2op.c.o,2633
teem-1.6.0-src,3op.c.o,2804
teem-1.6.0-src,754.c.o,2400
teem-1.6.0-src,about.c.o,3056
teem-1.6.0-src,accessors.c.o,8108
teem-1.6.0-src,aniso.c.o,4339
teem-1.6.0-src,apply1D.c.o,9592
teem-1.6.0-src,arith.c.o,7453
teem-1.6.0-src,array.c.o,1000
teem-1.6.0-src,arraysNrrd.c.o,0
teem-1.6.0-src,ax.c.o,3652
teem-1.6.0-src,axdelete.c.o,1752
teem-1.6.0-src,axinfo.c.o,1890
teem-1.6.0-src,axinsert.c.o,1492
teem-1.6.0-src,axis.c.o,3214
teem-1.6.0-src,axmerge.c.o,1718
teem-1.6.0-src,axsplit.c.o,1503
teem-1.6.0-src,bday.c.o,1350
teem-1.6.0-src,biff.c.o,3335
teem-1.6.0-src,bimod.c.o,6230
teem-1.6.0-src,block.c.o,1401
teem-1.6.0-src,bounds.c.o,5985
teem-1.6.0-src,bow.c.o,752
teem-1.6.0-src,cam.c.o,5086
teem-1.6.0-src,cc.c.o,14958
teem-1.6.0-src,ccadj.c.o,1464
teem-1.6.0-src,ccfind.c.o,2093
teem-1.6.0-src,ccmerge.c.o,3043
teem-1.6.0-src,ccmethods.c.o,1620
teem-1.6.0-src,ccsettle.c.o,1468
teem-1.6.0-src,chan.c.o,9714
teem-1.6.0-src,clip.c.o,1152
teem-1.6.0-src,cmedian.c.o,3013
teem-1.6.0-src,color.c.o,7444
teem-1.6.0-src,comment.c.o,791
teem-1.6.0-src,conv.c.o,551
teem-1.6.0-src,convert.c.o,1457
teem-1.6.0-src,convertDye.c.o,3693
teem-1.6.0-src,convertNrrd.c.o,4152
teem-1.6.0-src,convo.c.o,2526
teem-1.6.0-src,coreAlan.c.o,5210
teem-1.6.0-src,crop.c.o,1842
teem-1.6.0-src,ctx.c.o,5881
teem-1.6.0-src,cubicEll.c.o,1604
teem-1.6.0-src,data.c.o,1519
teem-1.6.0-src,defaultsBane.c.o,5
teem-1.6.0-src,defaultsGage.c.o,5
teem-1.6.0-src,defaultsHest.c.o,0
teem-1.6.0-src,defaultsHoover.c.o,7
teem-1.6.0-src,defaultsLimn.c.o,5
teem-1.6.0-src,defaultsMite.c.o,5
teem-1.6.0-src,defaultsMoss.c.o,5
teem-1.6.0-src,defaultsNrrd.c.o,710
teem-1.6.0-src,defaultsTen.c.o,16
teem-1.6.0-src,dehex.c.o,1017
teem-1.6.0-src,dhisto.c.o,1650
teem-1.6.0-src,dice.c.o,2116
teem-1.6.0-src,dio.c.o,2003
teem-1.6.0-src,doubleprint.c.o,769
teem-1.6.0-src,eigen.c.o,3030
teem-1.6.0-src,encoding.c.o,803
teem-1.6.0-src,encodingAscii.c.o,2010
teem-1.6.0-src,encodingBzip2.c.o,698
teem-1.6.0-src,encodingGzip.c.o,769
teem-1.6.0-src,encodingHex.c.o,1843
teem-1.6.0-src,encodingRaw.c.o,2611
teem-1.6.0-src,endianAir.c.o,4
teem-1.6.0-src,endianNrrd.c.o,483
teem-1.6.0-src,enhex.c.o,932
teem-1.6.0-src,enum.c.o,1242
teem-1.6.0-src,enumsAlan.c.o,0
teem-1.6.0-src,enumsEcho.c.o,0
teem-1.6.0-src,enumsNrrd.c.o,0
teem-1.6.0-src,enumsTen.c.o,0
teem-1.6.0-src,env.c.o,1456
teem-1.6.0-src,epireg.c.o,17635
teem-1.6.0-src,ex0.c.o,768
teem-1.6.0-src,ex1.c.o,1609
teem-1.6.0-src,ex2.c.o,1219
teem-1.6.0-src,ex3.c.o,2040
teem-1.6.0-src,ex4.c.o,1436
teem-1.6.0-src,ex5.c.o,1143
teem-1.6.0-src,fiber.c.o,4113
teem-1.6.0-src,fiberMethods.c.o,3654
teem-1.6.0-src,filt.c.o,7308
teem-1.6.0-src,filter.c.o,3520
teem-1.6.0-src,flip.c.o,1117
teem-1.6.0-src,floatprint.c.o,763
teem-1.6.0-src,flotsam.c.o,3304
teem-1.6.0-src,format.c.o,951
teem-1.6.0-src,formatEPS.c.o,2889
teem-1.6.0-src,formatNRRD.c.o,4720
teem-1.6.0-src,formatPNG.c.o,946
teem-1.6.0-src,formatPNM.c.o,4031
teem-1.6.0-src,formatText.c.o,3613
teem-1.6.0-src,formatVTK.c.o,7254
teem-1.6.0-src,fp.c.o,1844
teem-1.6.0-src,gamma.c.o,1657
teem-1.6.0-src,genmat.c.o,4004
teem-1.6.0-src,genvol.c.o,2010
teem-1.6.0-src,gkmsFlotsam.c.o,2600
teem-1.6.0-src,gkmsHvol.c.o,3378
teem-1.6.0-src,gkmsInfo.c.o,1624
teem-1.6.0-src,gkmsMite.c.o,1472
teem-1.6.0-src,gkmsOpac.c.o,3942
teem-1.6.0-src,gkmsPvg.c.o,3180
teem-1.6.0-src,gkmsScat.c.o,1995
teem-1.6.0-src,gkmsTxf.c.o,3250
teem-1.6.0-src,glyph.c.o,6022
teem-1.6.0-src,gzio.c.o,0
teem-1.6.0-src,head.c.o,1774
teem-1.6.0-src,heq.c.o,2573
teem-1.6.0-src,hestLimn.c.o,1453
teem-1.6.0-src,hestMoss.c.o,1491
teem-1.6.0-src,hestNrrd.c.o,1606
teem-1.6.0-src,histax.c.o,1699
teem-1.6.0-src,histo.c.o,1891
teem-1.6.0-src,histogram.c.o,7901
teem-1.6.0-src,hvol.c.o,8703
teem-1.6.0-src,imap.c.o,2927
teem-1.6.0-src,inc.c.o,3356
teem-1.6.0-src,inset.c.o,1778
teem-1.6.0-src,intx.c.o,10014
teem-1.6.0-src,invert.c.o,969
teem-1.6.0-src,io.c.o,860
teem-1.6.0-src,iter.c.o,968
teem-1.6.0-src,jhisto.c.o,3216
teem-1.6.0-src,join.c.o,1863
teem-1.6.0-src,kernel.c.o,21704
teem-1.6.0-src,keyvalue.c.o,1530
teem-1.6.0-src,kv.c.o,500
teem-1.6.0-src,light.c.o,628
teem-1.6.0-src,lightEcho.c.o,700
teem-1.6.0-src,list.c.o,2309
teem-1.6.0-src,lut.c.o,2487
teem-1.6.0-src,make.c.o,8113
teem-1.6.0-src,map.c.o,387
teem-1.6.0-src,mat.c.o,13112
teem-1.6.0-src,matter.c.o,435
teem-1.6.0-src,measr.c.o,436
teem-1.6.0-src,measure.c.o,9958
teem-1.6.0-src,methodsAlan.c.o,2781
teem-1.6.0-src,methodsBane.c.o,776
teem-1.6.0-src,methodsDye.c.o,1528
teem-1.6.0-src,methodsEcho.c.o,957
teem-1.6.0-src,methodsHest.c.o,3690
teem-1.6.0-src,methodsHoover.c.o,1870
teem-1.6.0-src,methodsLimn.c.o,498
teem-1.6.0-src,methodsMoss.c.o,1471
teem-1.6.0-src,methodsNrrd.c.o,6443
teem-1.6.0-src,minmax.c.o,416
teem-1.6.0-src,miscAir.c.o,4673
teem-1.6.0-src,miscEll.c.o,1039
teem-1.6.0-src,miscGage.c.o,767
teem-1.6.0-src,miscTen.c.o,4648
teem-1.6.0-src,mod.c.o,4175
teem-1.6.0-src,model.c.o,1170
teem-1.6.0-src,mop.c.o,1479
teem-1.6.0-src,obj.c.o,1415
teem-1.6.0-src,objmethods.c.o,1665
teem-1.6.0-src,opac.c.o,679
teem-1.6.0-src,pad.c.o,2253
teem-1.6.0-src,parseAir.c.o,2676
teem-1.6.0-src,parseHest.c.o,17750
teem-1.6.0-src,parseNrrd.c.o,8182
teem-1.6.0-src,permute.c.o,1338
teem-1.6.0-src,pos.c.o,756
teem-1.6.0-src,print.c.o,6173
teem-1.6.0-src,project.c.o,2224
teem-1.6.0-src,pvl.c.o,2082
teem-1.6.0-src,qn.c.o,3197
teem-1.6.0-src,quadvol.c.o,1917
teem-1.6.0-src,quantize.c.o,1961
teem-1.6.0-src,quat.c.o,11671
teem-1.6.0-src,range.c.o,953
teem-1.6.0-src,rangeBane.c.o,1050
teem-1.6.0-src,ray.c.o,3851
teem-1.6.0-src,rays.c.o,3360
teem-1.6.0-src,read.c.o,3760
teem-1.6.0-src,renderEcho.c.o,5498
teem-1.6.0-src,renderLimn.c.o,3704
teem-1.6.0-src,renderMite.c.o,1513
teem-1.6.0-src,reorder.c.o,12108
teem-1.6.0-src,resample.c.o,3818
teem-1.6.0-src,resampleNrrd.c.o,7958
teem-1.6.0-src,reshape.c.o,1301
teem-1.6.0-src,rmap.c.o,2927
teem-1.6.0-src,sampler.c.o,2822
teem-1.6.0-src,sane.c.o,3164
teem-1.6.0-src,save.c.o,3359
teem-1.6.0-src,scat.c.o,1081
teem-1.6.0-src,scl.c.o,0
teem-1.6.0-src,sclanswer.c.o,5864
teem-1.6.0-src,sclfilter.c.o,7929
teem-1.6.0-src,sclprint.c.o,951
teem-1.6.0-src,set.c.o,1183
teem-1.6.0-src,shape.c.o,3584
teem-1.6.0-src,shapes.c.o,5453
teem-1.6.0-src,shuffle.c.o,2119
teem-1.6.0-src,sigma.c.o,243
teem-1.6.0-src,simple.c.o,6175
teem-1.6.0-src,slice.c.o,1591
teem-1.6.0-src,soid.c.o,4281
teem-1.6.0-src,sort3.c.o,707
teem-1.6.0-src,splice.c.o,1749
teem-1.6.0-src,splineEval.c.o,5085
teem-1.6.0-src,splineMethods.c.o,6040
teem-1.6.0-src,splineMisc.c.o,3081
teem-1.6.0-src,sqd.c.o,6719
teem-1.6.0-src,st.c.o,4320
teem-1.6.0-src,string.c.o,1592
teem-1.6.0-src,strings.c.o,1405
teem-1.6.0-src,stub.c.o,211
teem-1.6.0-src,subset.c.o,3491
teem-1.6.0-src,superset.c.o,6176
teem-1.6.0-src,swap.c.o,1160
teem-1.6.0-src,tbc.c.o,2244
teem-1.6.0-src,tblah.c.o,1276
teem-1.6.0-src,tcam.c.o,1290
teem-1.6.0-src,tcamanim.c.o,4322
teem-1.6.0-src,tem.c.o,1289
teem-1.6.0-src,tenGage.c.o,4267
teem-1.6.0-src,tendAnhist.c.o,1493
teem-1.6.0-src,tendAnplot.c.o,1952
teem-1.6.0-src,tendAnscale.c.o,1720
teem-1.6.0-src,tendAnvol.c.o,1828
teem-1.6.0-src,tendBmat.c.o,1642
teem-1.6.0-src,tendEllipse.c.o,3179
teem-1.6.0-src,tendEpireg.c.o,5057
teem-1.6.0-src,tendEstim.c.o,4564
teem-1.6.0-src,tendEval.c.o,2297
teem-1.6.0-src,tendEvaladd.c.o,1298
teem-1.6.0-src,tendEvalclamp.c.o,1610
teem-1.6.0-src,tendEvalpow.c.o,1209
teem-1.6.0-src,tendEvec.c.o,2295
teem-1.6.0-src,tendEvecrgb.c.o,2266
teem-1.6.0-src,tendEvq.c.o,2538
teem-1.6.0-src,tendExpand.c.o,1778
teem-1.6.0-src,tendFiber.c.o,3159
teem-1.6.0-src,tendFlotsam.c.o,1616
teem-1.6.0-src,tendGlyph.c.o,8230
teem-1.6.0-src,tendMake.c.o,1273
teem-1.6.0-src,tendNorm.c.o,1621
teem-1.6.0-src,tendPoint.c.o,1903
teem-1.6.0-src,tendSatin.c.o,6157
teem-1.6.0-src,tendShrink.c.o,1251
teem-1.6.0-src,tendSim.c.o,1713
teem-1.6.0-src,tendSlice.c.o,1335
teem-1.6.0-src,tendSten.c.o,1765
teem-1.6.0-src,tensor.c.o,7351
teem-1.6.0-src,test.c.o,1262
teem-1.6.0-src,tg.c.o,2667
teem-1.6.0-src,thread.c.o,442
teem-1.6.0-src,threadAir.c.o,1458
teem-1.6.0-src,tinfo.c.o,727
teem-1.6.0-src,tkernel.c.o,2252
teem-1.6.0-src,tline.c.o,575
teem-1.6.0-src,tmfKernel.c.o,154030
teem-1.6.0-src,tmop.c.o,894
teem-1.6.0-src,tok.c.o,383
teem-1.6.0-src,tps.c.o,3253
teem-1.6.0-src,tq.c.o,5176
teem-1.6.0-src,trand.c.o,267
teem-1.6.0-src,transform.c.o,2349
teem-1.6.0-src,tread.c.o,385
teem-1.6.0-src,trend.c.o,9615
teem-1.6.0-src,trex.c.o,483
teem-1.6.0-src,trnsf.c.o,5894
teem-1.6.0-src,tspline.c.o,2409
teem-1.6.0-src,tspot.c.o,1400
teem-1.6.0-src,tt.c.o,2863
teem-1.6.0-src,txf.c.o,4465
teem-1.6.0-src,typestest.c.o,444
teem-1.6.0-src,unblock.c.o,1465
teem-1.6.0-src,unquantize.c.o,1542
teem-1.6.0-src,update.c.o,6312
teem-1.6.0-src,usage.c.o,3818
teem-1.6.0-src,user.c.o,1202
teem-1.6.0-src,valid.c.o,2868
teem-1.6.0-src,vecEll.c.o,1222
teem-1.6.0-src,vecGage.c.o,3061
teem-1.6.0-src,vecprint.c.o,114
teem-1.6.0-src,winKernel.c.o,17846
teem-1.6.0-src,write.c.o,5918
teem-1.6.0-src,xform.c.o,3775
ttt-0.10.1.preproc,connect4.o,7569
ttt-0.10.1.preproc,engine.o,3992
ttt-0.10.1.preproc,main.o,1907
ttt-0.10.1.preproc,parse.o,2646
ttt-0.10.1.preproc,ttt.o,10373
ttt-0.10.1.preproc,util.o,2501
unrarlib-0.4.0,getfile.c.o,874
unrarlib-0.4.0,listarchive.c.o,1089
unrarlib-0.4.0,unrarlib.c.o,13249
libpng-1.2.5,png.c.o,3453
libpng-1.2.5,png2pnm.c.o,3561
libpng-1.2.5,pngerror.c.o,1193
libpng-1.2.5,pngget.c.o,3717
libpng-1.2.5,pngmem.c.o,847
libpng-1.2.5,pngpread.c.o,7496
libpng-1.2.5,pngread.c.o,7696
libpng-1.2.5,pngrio.c.o,430
libpng-1.2.5,pngrtran.c.o,20664
libpng-1.2.5,pngrutil.c.o,18239
libpng-1.2.5,pngset.c.o,7442
libpng-1.2.5,pngtest.c.o,7802
libpng-1.2.5,pngtrans.c.o,2254
libpng-1.2.5,pngwio.c.o,510
libpng-1.2.5,pngwrite.c.o,7621
libpng-1.2.5,pngwtran.c.o,1881
libpng-1.2.5,pngwutil.c.o,15558
libpng-1.2.5,pnm2png.c.o,3961
flex-2.5.31,buf.c.o,1442
flex-2.5.31,ccl.c.o,1107
flex-2.5.31,dfa.c.o,7141
flex-2.5.31,ecs.c.o,600
flex-2.5.31,filter.c.o,2678
flex-2.5.31,gen.c.o,22385
flex-2.5.31,libmain.c.o,64
flex-2.5.31,libyywrap.c.o,52
flex-2.5.31,main.c.o,17831
flex-2.5.31,misc.c.o,6772
flex-2.5.31,nfa.c.o,4075
flex-2.5.31,options.c.o,1230
flex-2.5.31,parse.c.o,9537
flex-2.5.31,regex.c.o,783
flex-2.5.31,scan.c.o,44294
flex-2.5.31,scanopt.c.o,4239
flex-2.5.31,skel.c.o,79802
flex-2.5.31,sym.c.o,1173
flex-2.5.31,tables.c.o,2771
flex-2.5.31,tables_shared.c.o,73
flex-2.5.31,tblcmp.c.o,3718
flex-2.5.31,yylex.c.o,1099
cg_compiler_opensrc,atom.c.o,4397
cg_compiler_opensrc,binding.c.o,2303
cg_compiler_opensrc,cgcmain.c.o,2736
cg_compiler_opensrc,cgstruct.c.o,174
cg_compiler_opensrc,check.c.o,3953
cg_compiler_opensrc,compile.c.o,17204
cg_compiler_opensrc,constfold.c.o,4628
cg_compiler_opensrc,cpp.c.o,7783
cg_compiler_opensrc,generic_hal.c.o,2155
cg_compiler_opensrc,hal.c.o,3426
cg_compiler_opensrc,inline.c.o,3316
cg_compiler_opensrc,memory.c.o,826
cg_compiler_opensrc,parser.c.o,15956
cg_compiler_opensrc,printutils.c.o,12128
cg_compiler_opensrc,scanner.c.o,8967
cg_compiler_opensrc,semantic.c.o,5074
cg_compiler_opensrc,stdlib.c.o,10
cg_compiler_opensrc,support.c.o,29029
cg_compiler_opensrc,support_iter.c.o,3143
cg_compiler_opensrc,symbols.c.o,8573
cg_compiler_opensrc,tokenize.c.o,1009
cg_compiler_opensrc,tokens.c.o,3457
lwip-0.5.3.preproc,api_lib.o,5147
lwip-0.5.3.preproc,api_msg.o,4332
lwip-0.5.3.preproc,arp.o,2424
lwip-0.5.3.preproc,err.o,0
lwip-0.5.3.preproc,fs.o,40271
lwip-0.5.3.preproc,httpd.o,1614
lwip-0.5.3.preproc,icmp.o,1693
lwip-0.5.3.preproc,inet.o,946
lwip-0.5.3.preproc,ip.o,2968
lwip-0.5.3.preproc,ip_addr.o,0
lwip-0.5.3.preproc,loopif.o,313
lwip-0.5.3.preproc,mem.o,2133
lwip-0.5.3.preproc,memp.o,2054
lwip-0.5.3.preproc,netif.o,798
lwip-0.5.3.preproc,pbuf.o,3367
lwip-0.5.3.preproc,shell.o,12497
lwip-0.5.3.preproc,simhost.o,722
lwip-0.5.3.preproc,simnode.o,659
lwip-0.5.3.preproc,simrouter.o,844
lwip-0.5.3.preproc,sockets.o,2686
lwip-0.5.3.preproc,stats.o,78
lwip-0.5.3.preproc,sys.o,1044
lwip-0.5.3.preproc,tcp.o,6733
lwip-0.5.3.preproc,tcp_input.o,10939
lwip-0.5.3.preproc,tcp_output.o,5832
lwip-0.5.3.preproc,tcpdump.o,1993
lwip-0.5.3.preproc,tcpecho.o,332
lwip-0.5.3.preproc,tcpip.o,706
lwip-0.5.3.preproc,udp.o,2607
lwip-0.5.3.preproc,udpecho.o,394
