Compiler version,clang version 5.0.0 (trunk 306631)
Compiler flags,-Os

Date,2017-06-29
Revision,306631

mpgcut-1.1,mpgcut.c.o,12451
jpeg-6b,ansi2knr.c.o,3376
jpeg-6b,cdjpeg.c.o,277
jpeg-6b,cjpeg.c.o,6373
jpeg-6b,ckconfig.c.o,2598
jpeg-6b,djpeg.c.o,6935
jpeg-6b,jcapimin.c.o,1181
jpeg-6b,jcapistd.c.o,675
jpeg-6b,jccoefct.c.o,2639
jpeg-6b,jccolor.c.o,1990
jpeg-6b,jcdctmgr.c.o,2060
jpeg-6b,jchuff.c.o,5826
jpeg-6b,jcinit.c.o,239
jpeg-6b,jcmainct.c.o,625
jpeg-6b,jcmarker.c.o,3091
jpeg-6b,jcmaster.c.o,3375
jpeg-6b,jcomapi.c.o,275
jpeg-6b,jcparam.c.o,4160
jpeg-6b,jcphuff.c.o,7000
jpeg-6b,jcprepct.c.o,2130
jpeg-6b,jcsample.c.o,3365
jpeg-6b,jctrans.c.o,2013
jpeg-6b,jdapimin.c.o,1595
jpeg-6b,jdapistd.c.o,1328
jpeg-6b,jdatadst.c.o,511
jpeg-6b,jdatasrc.c.o,525
jpeg-6b,jdcoefct.c.o,4868
jpeg-6b,jdcolor.c.o,1776
jpeg-6b,jddctmgr.c.o,1161
jpeg-6b,jdhuff.c.o,3251
jpeg-6b,jdinput.c.o,1794
jpeg-6b,jdmainct.c.o,2165
jpeg-6b,jdmarker.c.o,8347
jpeg-6b,jdmaster.c.o,2449
jpeg-6b,jdmerge.c.o,1989
jpeg-6b,jdphuff.c.o,3881
jpeg-6b,jdpostct.c.o,1220
jpeg-6b,jdsample.c.o,2542
jpeg-6b,jdtrans.c.o,530
jpeg-6b,jerror.c.o,6254
jpeg-6b,jfdctflt.c.o,696
jpeg-6b,jfdctfst.c.o,562
jpeg-6b,jfdctint.c.o,797
jpeg-6b,jidctflt.c.o,1188
jpeg-6b,jidctfst.c.o,1116
jpeg-6b,jidctint.c.o,1320
jpeg-6b,jidctred.c.o,1503
jpeg-6b,jmemmgr.c.o,4804
jpeg-6b,jmemnobs.c.o,236
jpeg-6b,jpegtran.c.o,4438
jpeg-6b,jquant1.c.o,4442
jpeg-6b,jquant2.c.o,5708
jpeg-6b,jutils.c.o,622
jpeg-6b,rdbmp.c.o,2950
jpeg-6b,rdcolmap.c.o,1314
jpeg-6b,rdgif.c.o,139
jpeg-6b,rdjpgcom.c.o,2564
jpeg-6b,rdppm.c.o,2541
jpeg-6b,rdrle.c.o,0
jpeg-6b,rdswitch.c.o,2668
jpeg-6b,rdtarga.c.o,2397
jpeg-6b,transupp.c.o,6038
jpeg-6b,wrbmp.c.o,2258
jpeg-6b,wrgif.c.o,1818
jpeg-6b,wrjpgcom.c.o,3418
jpeg-6b,wrppm.c.o,866
jpeg-6b,wrrle.c.o,0
jpeg-6b,wrtarga.c.o,1210
zlib-1.1.4,adler32.c.o,536
zlib-1.1.4,compress.c.o,252
zlib-1.1.4,crc32.c.o,2424
zlib-1.1.4,deflate.c.o,7418
zlib-1.1.4,example.c.o,5165
zlib-1.1.4,gzio.c.o,5117
zlib-1.1.4,infblock.c.o,4048
zlib-1.1.4,infcodes.c.o,1975
zlib-1.1.4,inffast.c.o,1411
zlib-1.1.4,inflate.c.o,2321
zlib-1.1.4,inftrees.c.o,2841
zlib-1.1.4,infutil.c.o,449
zlib-1.1.4,minigzip.c.o,1652
zlib-1.1.4,trees.c.o,9938
zlib-1.1.4,uncompr.c.o,221
zlib-1.1.4,zutil.c.o,268
replaypc-0.4.0.preproc,ReplayPC.o,6092
replaypc-0.4.0.preproc,addressbook.o,1183
replaypc-0.4.0.preproc,bigfile.o,681
replaypc-0.4.0.preproc,build-ndx.o,1000
replaypc-0.4.0.preproc,cg.o,3613
replaypc-0.4.0.preproc,channelset.o,385
replaypc-0.4.0.preproc,crypt-test.o,2398
replaypc-0.4.0.preproc,crypt.o,1496
replaypc-0.4.0.preproc,dump-addressbook.o,788
replaypc-0.4.0.preproc,dump-cg2.o,734
replaypc-0.4.0.preproc,dump-channelset.o,624
replaypc-0.4.0.preproc,dump-filedarray.o,824
replaypc-0.4.0.preproc,dump-guide.o,973
replaypc-0.4.0.preproc,dump-headend.o,597
replaypc-0.4.0.preproc,dump-programset.o,1005
replaypc-0.4.0.preproc,dump-replaychannels.o,531
replaypc-0.4.0.preproc,dump-replayshows.o,526
replaypc-0.4.0.preproc,dump-zipcode2.o,526
replaypc-0.4.0.preproc,dump.o,2649
replaypc-0.4.0.preproc,filedarray.o,434
replaypc-0.4.0.preproc,find-GOPs.o,518
replaypc-0.4.0.preproc,guide.o,10278
replaypc-0.4.0.preproc,guideclient.o,1230
replaypc-0.4.0.preproc,headend.o,1386
replaypc-0.4.0.preproc,httpclient.o,4659
replaypc-0.4.0.preproc,httpfs.o,9409
replaypc-0.4.0.preproc,httpfsclient.o,3904
replaypc-0.4.0.preproc,mark-commercial.o,2768
replaypc-0.4.0.preproc,ndx-dump.o,5679
replaypc-0.4.0.preproc,ndx.o,913
replaypc-0.4.0.preproc,program.o,2993
replaypc-0.4.0.preproc,rddns.o,948
replaypc-0.4.0.preproc,rddnsclient.o,1870
replaypc-0.4.0.preproc,rtv.o,1810
replaypc-0.4.0.preproc,rtvguide.o,2019
replaypc-0.4.0.preproc,sleep.o,90
replaypc-0.4.0.preproc,un-protect.o,1654
replaypc-0.4.0.preproc,version-test.o,279
replaypc-0.4.0.preproc,zipcode.o,611
OpenTCP-1.0.4,arp.c.o,2638
OpenTCP-1.0.4,bootp.c.o,883
OpenTCP-1.0.4,dhcpc.c.o,1725
OpenTCP-1.0.4,dns.c.o,1595
OpenTCP-1.0.4,ethernet.c.o,1582
OpenTCP-1.0.4,http_server.c.o,1890
OpenTCP-1.0.4,https_callbacks.c.o,801
OpenTCP-1.0.4,icmp.c.o,517
OpenTCP-1.0.4,ip.c.o,3155
OpenTCP-1.0.4,main_demo.c.o,335
OpenTCP-1.0.4,pop3_client.c.o,5126
OpenTCP-1.0.4,pop3c_callbacks.c.o,179
OpenTCP-1.0.4,smtp_client.c.o,3156
OpenTCP-1.0.4,smtpc_callbacks.c.o,192
OpenTCP-1.0.4,system.c.o,1262
OpenTCP-1.0.4,tcp.c.o,7172
OpenTCP-1.0.4,tcp_client_demo.c.o,716
OpenTCP-1.0.4,tcp_server_demo.c.o,709
OpenTCP-1.0.4,tftps.c.o,1098
OpenTCP-1.0.4,timers.c.o,388
OpenTCP-1.0.4,udp.c.o,1795
OpenTCP-1.0.4,udp_demo.c.o,339
bzip2-1.0.2,blocksort.c.o,7164
bzip2-1.0.2,bzip2.c.o,18627
bzip2-1.0.2,bzip2recover.c.o,4039
bzip2-1.0.2,bzlib.c.o,12713
bzip2-1.0.2,compress.c.o,15947
bzip2-1.0.2,crctable.c.o,0
bzip2-1.0.2,decompress.c.o,15413
bzip2-1.0.2,huffman.c.o,1479
bzip2-1.0.2,randtable.c.o,0
mpeg2dec-0.3.1,alloc.c.o,198
mpeg2dec-0.3.1,cpu_accel.c.o,51
mpeg2dec-0.3.1,cpu_state.c.o,49
mpeg2dec-0.3.1,decode.c.o,3742
mpeg2dec-0.3.1,extract_mpeg2.c.o,4030
mpeg2dec-0.3.1,getopt.c.o,0
mpeg2dec-0.3.1,gettimeofday.c.o,0
mpeg2dec-0.3.1,header.c.o,5020
mpeg2dec-0.3.1,idct.c.o,2220
mpeg2dec-0.3.1,idct_alpha.c.o,0
mpeg2dec-0.3.1,idct_altivec.c.o,0
mpeg2dec-0.3.1,idct_mlib.c.o,0
mpeg2dec-0.3.1,idct_mmx.c.o,0
mpeg2dec-0.3.1,motion_comp.c.o,5855
mpeg2dec-0.3.1,motion_comp_alpha.c.o,0
mpeg2dec-0.3.1,motion_comp_altivec.c.o,0
mpeg2dec-0.3.1,motion_comp_mlib.c.o,0
mpeg2dec-0.3.1,motion_comp_mmx.c.o,0
mpeg2dec-0.3.1,mpeg2dec.c.o,5599
mpeg2dec-0.3.1,slice.c.o,20945
mpeg2dec-0.3.1,video_out.c.o,112
mpeg2dec-0.3.1,video_out_dx.c.o,0
mpeg2dec-0.3.1,video_out_null.c.o,586
mpeg2dec-0.3.1,video_out_pgm.c.o,943
mpeg2dec-0.3.1,video_out_sdl.c.o,1064
mpeg2dec-0.3.1,video_out_x11.c.o,0
mpeg2dec-0.3.1,yuv2rgb.c.o,5812
mpeg2dec-0.3.1,yuv2rgb_mlib.c.o,0
mpeg2dec-0.3.1,yuv2rgb_mmx.c.o,0
jikespg-1.3,ctabs.c.o,49433
jikespg-1.3,globals.c.o,56
jikespg-1.3,lpgparse.c.o,48038
jikespg-1.3,lpgutil.c.o,6395
jikespg-1.3,main.c.o,6856
jikespg-1.3,mkfirst.c.o,15812
jikespg-1.3,mkred.c.o,7607
jikespg-1.3,mkstates.c.o,3492
jikespg-1.3,partset.c.o,2093
jikespg-1.3,prntstat.c.o,3825
jikespg-1.3,produce.c.o,12152
jikespg-1.3,ptables.c.o,3445
jikespg-1.3,remsp.c.o,8544
jikespg-1.3,resolve.c.o,15378
jikespg-1.3,spacetab.c.o,21997
jikespg-1.3,tabutil.c.o,14815
jikespg-1.3,timetab.c.o,10488
libmspack,cabc.c.o,68
libmspack,cabd.c.o,7863
libmspack,cabd_md5.c.o,1568
libmspack,cabd_test.c.o,11692
libmspack,cabextract_md5.c.o,29367
libmspack,cabrip.c.o,685
libmspack,chmc.c.o,68
libmspack,chmd.c.o,4602
libmspack,chmd_md5.c.o,1483
libmspack,hlpc.c.o,68
libmspack,hlpd.c.o,68
libmspack,kwajc.c.o,68
libmspack,kwajd.c.o,68
libmspack,litc.c.o,68
libmspack,litd.c.o,68
libmspack,lzxc.c.o,0
libmspack,lzxd.c.o,8627
libmspack,md5.c.o,3216
libmspack,mszipc.c.o,0
libmspack,mszipd.c.o,109
libmspack,qtmc.c.o,0
libmspack,qtmd.c.o,6232
libmspack,system.c.o,1167
libmspack,szddc.c.o,68
libmspack,szddd.c.o,68
compiler,cg.c.o,3718
compiler,main.c.o,3538
compiler,parser.c.o,6071
compiler,scanner.c.o,4148
compiler,vam.c.o,5299
compiler,vas.c.o,7320
teem-1.6.0-src,1op.c.o,2090
teem-1.6.0-src,2op.c.o,2648
teem-1.6.0-src,3op.c.o,2817
teem-1.6.0-src,754.c.o,2329
teem-1.6.0-src,about.c.o,3066
teem-1.6.0-src,accessors.c.o,8384
teem-1.6.0-src,aniso.c.o,4383
teem-1.6.0-src,apply1D.c.o,9899
teem-1.6.0-src,arith.c.o,7404
teem-1.6.0-src,array.c.o,1054
teem-1.6.0-src,arraysNrrd.c.o,0
teem-1.6.0-src,ax.c.o,3482
teem-1.6.0-src,axdelete.c.o,1802
teem-1.6.0-src,axinfo.c.o,1866
teem-1.6.0-src,axinsert.c.o,1468
teem-1.6.0-src,axis.c.o,3404
teem-1.6.0-src,axmerge.c.o,1764
teem-1.6.0-src,axsplit.c.o,1488
teem-1.6.0-src,bday.c.o,1391
teem-1.6.0-src,biff.c.o,3550
teem-1.6.0-src,bimod.c.o,6356
teem-1.6.0-src,block.c.o,1431
teem-1.6.0-src,bounds.c.o,5552
teem-1.6.0-src,bow.c.o,752
teem-1.6.0-src,cam.c.o,4880
teem-1.6.0-src,cc.c.o,15871
teem-1.6.0-src,ccadj.c.o,1474
teem-1.6.0-src,ccfind.c.o,2140
teem-1.6.0-src,ccmerge.c.o,3244
teem-1.6.0-src,ccmethods.c.o,1708
teem-1.6.0-src,ccsettle.c.o,1383
teem-1.6.0-src,chan.c.o,9733
teem-1.6.0-src,clip.c.o,1184
teem-1.6.0-src,cmedian.c.o,3031
teem-1.6.0-src,color.c.o,7911
teem-1.6.0-src,comment.c.o,877
teem-1.6.0-src,conv.c.o,533
teem-1.6.0-src,convert.c.o,1464
teem-1.6.0-src,convertDye.c.o,4067
teem-1.6.0-src,convertNrrd.c.o,4806
teem-1.6.0-src,convo.c.o,2862
teem-1.6.0-src,coreAlan.c.o,5545
teem-1.6.0-src,crop.c.o,1790
teem-1.6.0-src,ctx.c.o,6189
teem-1.6.0-src,cubicEll.c.o,1589
teem-1.6.0-src,data.c.o,1528
teem-1.6.0-src,defaultsBane.c.o,5
teem-1.6.0-src,defaultsGage.c.o,5
teem-1.6.0-src,defaultsHest.c.o,0
teem-1.6.0-src,defaultsHoover.c.o,7
teem-1.6.0-src,defaultsLimn.c.o,5
teem-1.6.0-src,defaultsMite.c.o,5
teem-1.6.0-src,defaultsMoss.c.o,5
teem-1.6.0-src,defaultsNrrd.c.o,726
teem-1.6.0-src,defaultsTen.c.o,16
teem-1.6.0-src,dehex.c.o,953
teem-1.6.0-src,dhisto.c.o,1748
teem-1.6.0-src,dice.c.o,2151
teem-1.6.0-src,dio.c.o,2000
teem-1.6.0-src,doubleprint.c.o,732
teem-1.6.0-src,eigen.c.o,3103
teem-1.6.0-src,encoding.c.o,807
teem-1.6.0-src,encodingAscii.c.o,1978
teem-1.6.0-src,encodingBzip2.c.o,702
teem-1.6.0-src,encodingGzip.c.o,773
teem-1.6.0-src,encodingHex.c.o,1863
teem-1.6.0-src,encodingRaw.c.o,2532
teem-1.6.0-src,endianAir.c.o,4
teem-1.6.0-src,endianNrrd.c.o,509
teem-1.6.0-src,enhex.c.o,867
teem-1.6.0-src,enum.c.o,1372
teem-1.6.0-src,enumsAlan.c.o,0
teem-1.6.0-src,enumsEcho.c.o,0
teem-1.6.0-src,enumsNrrd.c.o,0
teem-1.6.0-src,enumsTen.c.o,0
teem-1.6.0-src,env.c.o,1483
teem-1.6.0-src,epireg.c.o,17655
teem-1.6.0-src,ex0.c.o,765
teem-1.6.0-src,ex1.c.o,1590
teem-1.6.0-src,ex2.c.o,1286
teem-1.6.0-src,ex3.c.o,2019
teem-1.6.0-src,ex4.c.o,1490
teem-1.6.0-src,ex5.c.o,1207
teem-1.6.0-src,fiber.c.o,4181
teem-1.6.0-src,fiberMethods.c.o,3650
teem-1.6.0-src,filt.c.o,8716
teem-1.6.0-src,filter.c.o,3705
teem-1.6.0-src,flip.c.o,1127
teem-1.6.0-src,floatprint.c.o,726
teem-1.6.0-src,flotsam.c.o,3418
teem-1.6.0-src,format.c.o,971
teem-1.6.0-src,formatEPS.c.o,2921
teem-1.6.0-src,formatNRRD.c.o,4785
teem-1.6.0-src,formatPNG.c.o,972
teem-1.6.0-src,formatPNM.c.o,4006
teem-1.6.0-src,formatText.c.o,3691
teem-1.6.0-src,formatVTK.c.o,7026
teem-1.6.0-src,fp.c.o,1843
teem-1.6.0-src,gamma.c.o,1755
teem-1.6.0-src,genmat.c.o,4098
teem-1.6.0-src,genvol.c.o,2256
teem-1.6.0-src,gkmsFlotsam.c.o,2648
teem-1.6.0-src,gkmsHvol.c.o,3337
teem-1.6.0-src,gkmsInfo.c.o,1690
teem-1.6.0-src,gkmsMite.c.o,1500
teem-1.6.0-src,gkmsOpac.c.o,3878
teem-1.6.0-src,gkmsPvg.c.o,3225
teem-1.6.0-src,gkmsScat.c.o,1951
teem-1.6.0-src,gkmsTxf.c.o,3569
teem-1.6.0-src,glyph.c.o,6132
teem-1.6.0-src,gzio.c.o,0
teem-1.6.0-src,head.c.o,1791
teem-1.6.0-src,heq.c.o,2522
teem-1.6.0-src,hestLimn.c.o,1492
teem-1.6.0-src,hestMoss.c.o,1469
teem-1.6.0-src,hestNrrd.c.o,1578
teem-1.6.0-src,histax.c.o,1827
teem-1.6.0-src,histo.c.o,1987
teem-1.6.0-src,histogram.c.o,7959
teem-1.6.0-src,hvol.c.o,8798
teem-1.6.0-src,imap.c.o,2977
teem-1.6.0-src,inc.c.o,3431
teem-1.6.0-src,inset.c.o,1774
teem-1.6.0-src,intx.c.o,10181
teem-1.6.0-src,invert.c.o,957
teem-1.6.0-src,io.c.o,985
teem-1.6.0-src,iter.c.o,1025
teem-1.6.0-src,jhisto.c.o,3135
teem-1.6.0-src,join.c.o,1835
teem-1.6.0-src,kernel.c.o,22020
teem-1.6.0-src,keyvalue.c.o,1489
teem-1.6.0-src,kv.c.o,488
teem-1.6.0-src,light.c.o,617
teem-1.6.0-src,lightEcho.c.o,732
teem-1.6.0-src,list.c.o,2339
teem-1.6.0-src,lut.c.o,2535
teem-1.6.0-src,make.c.o,7914
teem-1.6.0-src,map.c.o,377
teem-1.6.0-src,mat.c.o,13063
teem-1.6.0-src,matter.c.o,435
teem-1.6.0-src,measr.c.o,436
teem-1.6.0-src,measure.c.o,11465
teem-1.6.0-src,methodsAlan.c.o,2820
teem-1.6.0-src,methodsBane.c.o,854
teem-1.6.0-src,methodsDye.c.o,1565
teem-1.6.0-src,methodsEcho.c.o,1013
teem-1.6.0-src,methodsHest.c.o,3772
teem-1.6.0-src,methodsHoover.c.o,1894
teem-1.6.0-src,methodsLimn.c.o,527
teem-1.6.0-src,methodsMoss.c.o,1463
teem-1.6.0-src,methodsNrrd.c.o,6517
teem-1.6.0-src,minmax.c.o,398
teem-1.6.0-src,miscAir.c.o,4910
teem-1.6.0-src,miscEll.c.o,1071
teem-1.6.0-src,miscGage.c.o,824
teem-1.6.0-src,miscTen.c.o,4630
teem-1.6.0-src,mod.c.o,4380
teem-1.6.0-src,model.c.o,1247
teem-1.6.0-src,mop.c.o,1681
teem-1.6.0-src,obj.c.o,1460
teem-1.6.0-src,objmethods.c.o,1649
teem-1.6.0-src,opac.c.o,661
teem-1.6.0-src,pad.c.o,2230
teem-1.6.0-src,parseAir.c.o,2855
teem-1.6.0-src,parseHest.c.o,16665
teem-1.6.0-src,parseNrrd.c.o,8332
teem-1.6.0-src,permute.c.o,1330
teem-1.6.0-src,pos.c.o,738
teem-1.6.0-src,print.c.o,6466
teem-1.6.0-src,project.c.o,2320
teem-1.6.0-src,pvl.c.o,2124
teem-1.6.0-src,qn.c.o,3098
teem-1.6.0-src,quadvol.c.o,1949
teem-1.6.0-src,quantize.c.o,2010
teem-1.6.0-src,quat.c.o,12808
teem-1.6.0-src,range.c.o,1069
teem-1.6.0-src,rangeBane.c.o,1066
teem-1.6.0-src,ray.c.o,3895
teem-1.6.0-src,rays.c.o,3471
teem-1.6.0-src,read.c.o,3925
teem-1.6.0-src,renderEcho.c.o,5549
teem-1.6.0-src,renderLimn.c.o,3756
teem-1.6.0-src,renderMite.c.o,1509
teem-1.6.0-src,reorder.c.o,12553
teem-1.6.0-src,resample.c.o,3880
teem-1.6.0-src,resampleNrrd.c.o,8474
teem-1.6.0-src,reshape.c.o,1295
teem-1.6.0-src,rmap.c.o,2975
teem-1.6.0-src,sampler.c.o,3035
teem-1.6.0-src,sane.c.o,3147
teem-1.6.0-src,save.c.o,3401
teem-1.6.0-src,scat.c.o,1063
teem-1.6.0-src,scl.c.o,0
teem-1.6.0-src,sclanswer.c.o,5537
teem-1.6.0-src,sclfilter.c.o,8275
teem-1.6.0-src,sclprint.c.o,1006
teem-1.6.0-src,set.c.o,1215
teem-1.6.0-src,shape.c.o,3668
teem-1.6.0-src,shapes.c.o,5849
teem-1.6.0-src,shuffle.c.o,2127
teem-1.6.0-src,sigma.c.o,259
teem-1.6.0-src,simple.c.o,6267
teem-1.6.0-src,slice.c.o,1653
teem-1.6.0-src,soid.c.o,4357
teem-1.6.0-src,sort3.c.o,722
teem-1.6.0-src,splice.c.o,1736
teem-1.6.0-src,splineEval.c.o,5634
teem-1.6.0-src,splineMethods.c.o,6100
teem-1.6.0-src,splineMisc.c.o,3073
teem-1.6.0-src,sqd.c.o,6954
teem-1.6.0-src,st.c.o,4440
teem-1.6.0-src,string.c.o,1791
teem-1.6.0-src,strings.c.o,1345
teem-1.6.0-src,stub.c.o,217
teem-1.6.0-src,subset.c.o,3541
teem-1.6.0-src,superset.c.o,6282
teem-1.6.0-src,swap.c.o,1233
teem-1.6.0-src,tbc.c.o,2203
teem-1.6.0-src,tblah.c.o,1463
teem-1.6.0-src,tcam.c.o,1412
teem-1.6.0-src,tcamanim.c.o,4435
teem-1.6.0-src,tem.c.o,1396
teem-1.6.0-src,tenGage.c.o,4834
teem-1.6.0-src,tendAnhist.c.o,1546
teem-1.6.0-src,tendAnplot.c.o,2014
teem-1.6.0-src,tendAnscale.c.o,1811
teem-1.6.0-src,tendAnvol.c.o,1861
teem-1.6.0-src,tendBmat.c.o,1580
teem-1.6.0-src,tendEllipse.c.o,3088
teem-1.6.0-src,tendEpireg.c.o,5382
teem-1.6.0-src,tendEstim.c.o,4567
teem-1.6.0-src,tendEval.c.o,2210
teem-1.6.0-src,tendEvaladd.c.o,1306
teem-1.6.0-src,tendEvalclamp.c.o,1643
teem-1.6.0-src,tendEvalpow.c.o,1217
teem-1.6.0-src,tendEvec.c.o,2224
teem-1.6.0-src,tendEvecrgb.c.o,2391
teem-1.6.0-src,tendEvq.c.o,2606
teem-1.6.0-src,tendExpand.c.o,1812
teem-1.6.0-src,tendFiber.c.o,3177
teem-1.6.0-src,tendFlotsam.c.o,1667
teem-1.6.0-src,tendGlyph.c.o,8223
teem-1.6.0-src,tendMake.c.o,1214
teem-1.6.0-src,tendNorm.c.o,1697
teem-1.6.0-src,tendPoint.c.o,1923
teem-1.6.0-src,tendSatin.c.o,6127
teem-1.6.0-src,tendShrink.c.o,1190
teem-1.6.0-src,tendSim.c.o,1699
teem-1.6.0-src,tendSlice.c.o,1424
teem-1.6.0-src,tendSten.c.o,1758
teem-1.6.0-src,tensor.c.o,7171
teem-1.6.0-src,test.c.o,1240
teem-1.6.0-src,tg.c.o,2766
teem-1.6.0-src,thread.c.o,433
teem-1.6.0-src,threadAir.c.o,1716
teem-1.6.0-src,tinfo.c.o,711
teem-1.6.0-src,tkernel.c.o,2275
teem-1.6.0-src,tline.c.o,587
teem-1.6.0-src,tmfKernel.c.o,159688
teem-1.6.0-src,tmop.c.o,885
teem-1.6.0-src,tok.c.o,396
teem-1.6.0-src,tps.c.o,3186
teem-1.6.0-src,tq.c.o,5201
teem-1.6.0-src,trand.c.o,263
teem-1.6.0-src,transform.c.o,2454
teem-1.6.0-src,tread.c.o,373
teem-1.6.0-src,trend.c.o,9887
teem-1.6.0-src,trex.c.o,493
teem-1.6.0-src,trnsf.c.o,5780
teem-1.6.0-src,tspline.c.o,2543
teem-1.6.0-src,tspot.c.o,1291
teem-1.6.0-src,tt.c.o,2803
teem-1.6.0-src,txf.c.o,4587
teem-1.6.0-src,typestest.c.o,440
teem-1.6.0-src,unblock.c.o,1509
teem-1.6.0-src,unquantize.c.o,1552
teem-1.6.0-src,update.c.o,6650
teem-1.6.0-src,usage.c.o,3832
teem-1.6.0-src,user.c.o,1168
teem-1.6.0-src,valid.c.o,2906
teem-1.6.0-src,vecEll.c.o,1219
teem-1.6.0-src,vecGage.c.o,3395
teem-1.6.0-src,vecprint.c.o,110
teem-1.6.0-src,winKernel.c.o,18086
teem-1.6.0-src,write.c.o,6131
teem-1.6.0-src,xform.c.o,3982
ttt-0.10.1.preproc,connect4.o,7569
ttt-0.10.1.preproc,engine.o,3992
ttt-0.10.1.preproc,main.o,1907
ttt-0.10.1.preproc,parse.o,2646
ttt-0.10.1.preproc,ttt.o,10373
ttt-0.10.1.preproc,util.o,2501
unrarlib-0.4.0,getfile.c.o,883
unrarlib-0.4.0,listarchive.c.o,1087
unrarlib-0.4.0,unrarlib.c.o,14371
libpng-1.2.5,png.c.o,3664
libpng-1.2.5,png2pnm.c.o,3412
libpng-1.2.5,pngerror.c.o,1244
libpng-1.2.5,pngget.c.o,3710
libpng-1.2.5,pngmem.c.o,987
libpng-1.2.5,pngpread.c.o,8442
libpng-1.2.5,pngread.c.o,7910
libpng-1.2.5,pngrio.c.o,462
libpng-1.2.5,pngrtran.c.o,21629
libpng-1.2.5,pngrutil.c.o,20103
libpng-1.2.5,pngset.c.o,7733
libpng-1.2.5,pngtest.c.o,7712
libpng-1.2.5,pngtrans.c.o,2303
libpng-1.2.5,pngwio.c.o,539
libpng-1.2.5,pngwrite.c.o,7945
libpng-1.2.5,pngwtran.c.o,1897
libpng-1.2.5,pngwutil.c.o,16954
libpng-1.2.5,pnm2png.c.o,3914
flex-2.5.31,buf.c.o,1661
flex-2.5.31,ccl.c.o,1261
flex-2.5.31,dfa.c.o,7567
flex-2.5.31,ecs.c.o,691
flex-2.5.31,filter.c.o,2687
flex-2.5.31,gen.c.o,23839
flex-2.5.31,libmain.c.o,64
flex-2.5.31,libyywrap.c.o,54
flex-2.5.31,main.c.o,17625
flex-2.5.31,misc.c.o,7296
flex-2.5.31,nfa.c.o,4201
flex-2.5.31,options.c.o,1230
flex-2.5.31,parse.c.o,11635
flex-2.5.31,regex.c.o,861
flex-2.5.31,scan.c.o,44420
flex-2.5.31,scanopt.c.o,4216
flex-2.5.31,skel.c.o,79802
flex-2.5.31,sym.c.o,1272
flex-2.5.31,tables.c.o,2863
flex-2.5.31,tables_shared.c.o,77
flex-2.5.31,tblcmp.c.o,4217
flex-2.5.31,yylex.c.o,1040
cg_compiler_opensrc,atom.c.o,4547
cg_compiler_opensrc,binding.c.o,2856
cg_compiler_opensrc,cgcmain.c.o,2796
cg_compiler_opensrc,cgstruct.c.o,150
cg_compiler_opensrc,check.c.o,4110
cg_compiler_opensrc,compile.c.o,18809
cg_compiler_opensrc,constfold.c.o,5197
cg_compiler_opensrc,cpp.c.o,7938
cg_compiler_opensrc,generic_hal.c.o,2197
cg_compiler_opensrc,hal.c.o,3478
cg_compiler_opensrc,inline.c.o,3377
cg_compiler_opensrc,memory.c.o,888
cg_compiler_opensrc,parser.c.o,16013
cg_compiler_opensrc,printutils.c.o,12940
cg_compiler_opensrc,scanner.c.o,8796
cg_compiler_opensrc,semantic.c.o,5055
cg_compiler_opensrc,stdlib.c.o,10
cg_compiler_opensrc,support.c.o,30116
cg_compiler_opensrc,support_iter.c.o,3281
cg_compiler_opensrc,symbols.c.o,9114
cg_compiler_opensrc,tokenize.c.o,975
cg_compiler_opensrc,tokens.c.o,3630
lwip-0.5.3.preproc,api_lib.o,5147
lwip-0.5.3.preproc,api_msg.o,4332
lwip-0.5.3.preproc,arp.o,2424
lwip-0.5.3.preproc,err.o,0
lwip-0.5.3.preproc,fs.o,40271
lwip-0.5.3.preproc,httpd.o,1614
lwip-0.5.3.preproc,icmp.o,1693
lwip-0.5.3.preproc,inet.o,946
lwip-0.5.3.preproc,ip.o,2968
lwip-0.5.3.preproc,ip_addr.o,0
lwip-0.5.3.preproc,loopif.o,313
lwip-0.5.3.preproc,mem.o,2133
lwip-0.5.3.preproc,memp.o,2054
lwip-0.5.3.preproc,netif.o,798
lwip-0.5.3.preproc,pbuf.o,3367
lwip-0.5.3.preproc,shell.o,12497
lwip-0.5.3.preproc,simhost.o,722
lwip-0.5.3.preproc,simnode.o,659
lwip-0.5.3.preproc,simrouter.o,844
lwip-0.5.3.preproc,sockets.o,2686
lwip-0.5.3.preproc,stats.o,78
lwip-0.5.3.preproc,sys.o,1044
lwip-0.5.3.preproc,tcp.o,6733
lwip-0.5.3.preproc,tcp_input.o,10939
lwip-0.5.3.preproc,tcp_output.o,5832
lwip-0.5.3.preproc,tcpdump.o,1993
lwip-0.5.3.preproc,tcpecho.o,332
lwip-0.5.3.preproc,tcpip.o,706
lwip-0.5.3.preproc,udp.o,2607
lwip-0.5.3.preproc,udpecho.o,394
