Compiler version,clang version 9.0.0 (trunk 362347)
Compiler flags,--target=arm-none-eabi -Oz -mcpu=cortex-m4 -mthumb -isysroot /usr/lib/arm-none-eabi -iwithsysroot /include

Date,2019-06-03
Revision,362347

mpgcut-1.1,mpgcut.c.obj,7228
jpeg-6b,ansi2knr.c.obj,2308
jpeg-6b,cdjpeg.c.obj,120
jpeg-6b,cjpeg.c.obj,5005
jpeg-6b,ckconfig.c.obj,2160
jpeg-6b,djpeg.c.obj,5551
jpeg-6b,jcapimin.c.obj,744
jpeg-6b,jcapistd.c.obj,418
jpeg-6b,jccoefct.c.obj,1456
jpeg-6b,jccolor.c.obj,1272
jpeg-6b,jcdctmgr.c.obj,1268
jpeg-6b,jchuff.c.obj,2762
jpeg-6b,jcinit.c.obj,156
jpeg-6b,jcmainct.c.obj,348
jpeg-6b,jcmarker.c.obj,1672
jpeg-6b,jcmaster.c.obj,2292
jpeg-6b,jcomapi.c.obj,152
jpeg-6b,jcparam.c.obj,2610
jpeg-6b,jcphuff.c.obj,2246
jpeg-6b,jcprepct.c.obj,1130
jpeg-6b,jcsample.c.obj,1710
jpeg-6b,jctrans.c.obj,1130
jpeg-6b,jdapimin.c.obj,894
jpeg-6b,jdapistd.c.obj,784
jpeg-6b,jdatadst.c.obj,268
jpeg-6b,jdatasrc.c.obj,292
jpeg-6b,jdcoefct.c.obj,2650
jpeg-6b,jdcolor.c.obj,1074
jpeg-6b,jddctmgr.c.obj,712
jpeg-6b,jdhuff.c.obj,2088
jpeg-6b,jdinput.c.obj,1084
jpeg-6b,jdmainct.c.obj,1278
jpeg-6b,jdmarker.c.obj,5146
jpeg-6b,jdmaster.c.obj,1376
jpeg-6b,jdmerge.c.obj,1204
jpeg-6b,jdphuff.c.obj,2446
jpeg-6b,jdpostct.c.obj,686
jpeg-6b,jdsample.c.obj,1350
jpeg-6b,jdtrans.c.obj,262
jpeg-6b,jerror.c.obj,5508
jpeg-6b,jfdctflt.c.obj,476
jpeg-6b,jfdctfst.c.obj,446
jpeg-6b,jfdctint.c.obj,612
jpeg-6b,jidctflt.c.obj,876
jpeg-6b,jidctfst.c.obj,876
jpeg-6b,jidctint.c.obj,1028
jpeg-6b,jidctred.c.obj,1140
jpeg-6b,jmemmgr.c.obj,2698
jpeg-6b,jmemnobs.c.obj,108
jpeg-6b,jpegtran.c.obj,3328
jpeg-6b,jquant1.c.obj,2348
jpeg-6b,jquant2.c.obj,3194
jpeg-6b,jutils.c.obj,448
jpeg-6b,rdbmp.c.obj,1804
jpeg-6b,rdcolmap.c.obj,1188
jpeg-6b,rdgif.c.obj,97
jpeg-6b,rdjpgcom.c.obj,2183
jpeg-6b,rdppm.c.obj,1480
jpeg-6b,rdrle.c.obj,0
jpeg-6b,rdswitch.c.obj,1704
jpeg-6b,rdtarga.c.obj,1666
jpeg-6b,transupp.c.obj,3756
jpeg-6b,wrbmp.c.obj,2476
jpeg-6b,wrgif.c.obj,2606
jpeg-6b,wrjpgcom.c.obj,3105
jpeg-6b,wrppm.c.obj,550
jpeg-6b,wrrle.c.obj,0
jpeg-6b,wrtarga.c.obj,920
zlib-1.1.4,adler32.c.obj,240
zlib-1.1.4,compress.c.obj,138
zlib-1.1.4,crc32.c.obj,1232
zlib-1.1.4,deflate.c.obj,4606
zlib-1.1.4,example.c.obj,3703
zlib-1.1.4,gzio.c.obj,2859
zlib-1.1.4,infblock.c.obj,2540
zlib-1.1.4,infcodes.c.obj,1464
zlib-1.1.4,inffast.c.obj,786
zlib-1.1.4,inflate.c.obj,1471
zlib-1.1.4,inftrees.c.obj,2101
zlib-1.1.4,infutil.c.obj,216
zlib-1.1.4,minigzip.c.obj,1111
zlib-1.1.4,trees.c.obj,7490
zlib-1.1.4,uncompr.c.obj,106
zlib-1.1.4,zutil.c.obj,193
replaypc-0.4.0.preproc,ReplayPC.o,6092
replaypc-0.4.0.preproc,addressbook.o,1183
replaypc-0.4.0.preproc,bigfile.o,681
replaypc-0.4.0.preproc,build-ndx.o,1000
replaypc-0.4.0.preproc,cg.o,3613
replaypc-0.4.0.preproc,channelset.o,385
replaypc-0.4.0.preproc,crypt-test.o,2398
replaypc-0.4.0.preproc,crypt.o,1496
replaypc-0.4.0.preproc,dump-addressbook.o,788
replaypc-0.4.0.preproc,dump-cg2.o,734
replaypc-0.4.0.preproc,dump-channelset.o,624
replaypc-0.4.0.preproc,dump-filedarray.o,824
replaypc-0.4.0.preproc,dump-guide.o,973
replaypc-0.4.0.preproc,dump-headend.o,597
replaypc-0.4.0.preproc,dump-programset.o,1005
replaypc-0.4.0.preproc,dump-replaychannels.o,531
replaypc-0.4.0.preproc,dump-replayshows.o,526
replaypc-0.4.0.preproc,dump-zipcode2.o,526
replaypc-0.4.0.preproc,dump.o,2649
replaypc-0.4.0.preproc,filedarray.o,434
replaypc-0.4.0.preproc,find-GOPs.o,518
replaypc-0.4.0.preproc,guide.o,10278
replaypc-0.4.0.preproc,guideclient.o,1230
replaypc-0.4.0.preproc,headend.o,1386
replaypc-0.4.0.preproc,httpclient.o,4659
replaypc-0.4.0.preproc,httpfs.o,9409
replaypc-0.4.0.preproc,httpfsclient.o,3904
replaypc-0.4.0.preproc,mark-commercial.o,2768
replaypc-0.4.0.preproc,ndx-dump.o,5679
replaypc-0.4.0.preproc,ndx.o,913
replaypc-0.4.0.preproc,program.o,2993
replaypc-0.4.0.preproc,rddns.o,948
replaypc-0.4.0.preproc,rddnsclient.o,1870
replaypc-0.4.0.preproc,rtv.o,1810
replaypc-0.4.0.preproc,rtvguide.o,2019
replaypc-0.4.0.preproc,sleep.o,90
replaypc-0.4.0.preproc,un-protect.o,1654
replaypc-0.4.0.preproc,version-test.o,279
replaypc-0.4.0.preproc,zipcode.o,611
OpenTCP-1.0.4,arp.c.obj,1716
OpenTCP-1.0.4,bootp.c.obj,988
OpenTCP-1.0.4,dhcpc.c.obj,1804
OpenTCP-1.0.4,dns.c.obj,1076
OpenTCP-1.0.4,ethernet.c.obj,1612
OpenTCP-1.0.4,http_server.c.obj,1248
OpenTCP-1.0.4,https_callbacks.c.obj,632
OpenTCP-1.0.4,icmp.c.obj,276
OpenTCP-1.0.4,ip.c.obj,1318
OpenTCP-1.0.4,main_demo.c.obj,216
OpenTCP-1.0.4,pop3_client.c.obj,2851
OpenTCP-1.0.4,pop3c_callbacks.c.obj,78
OpenTCP-1.0.4,smtp_client.c.obj,1700
OpenTCP-1.0.4,smtpc_callbacks.c.obj,90
OpenTCP-1.0.4,system.c.obj,996
OpenTCP-1.0.4,tcp.c.obj,4008
OpenTCP-1.0.4,tcp_client_demo.c.obj,312
OpenTCP-1.0.4,tcp_server_demo.c.obj,292
OpenTCP-1.0.4,tftps.c.obj,696
OpenTCP-1.0.4,timers.c.obj,256
OpenTCP-1.0.4,udp.c.obj,1140
OpenTCP-1.0.4,udp_demo.c.obj,236
bzip2-1.0.2,blocksort.c.obj,5307
bzip2-1.0.2,bzip2.c.obj,14937
bzip2-1.0.2,bzip2recover.c.obj,3117
bzip2-1.0.2,bzlib.c.obj,8765
bzip2-1.0.2,compress.c.obj,6503
bzip2-1.0.2,crctable.c.obj,0
bzip2-1.0.2,decompress.c.obj,7439
bzip2-1.0.2,huffman.c.obj,832
bzip2-1.0.2,randtable.c.obj,0
mpeg2dec-0.3.1,alloc.c.obj,108
mpeg2dec-0.3.1,cpu_accel.c.obj,12
mpeg2dec-0.3.1,cpu_state.c.obj,10
mpeg2dec-0.3.1,decode.c.obj,1798
mpeg2dec-0.3.1,extract_mpeg2.c.obj,2660
mpeg2dec-0.3.1,getopt.c.obj,2462
mpeg2dec-0.3.1,gettimeofday.c.obj,0
mpeg2dec-0.3.1,header.c.obj,3140
mpeg2dec-0.3.1,idct.c.obj,1188
mpeg2dec-0.3.1,idct_alpha.c.obj,0
mpeg2dec-0.3.1,idct_altivec.c.obj,0
mpeg2dec-0.3.1,idct_mlib.c.obj,0
mpeg2dec-0.3.1,idct_mmx.c.obj,0
mpeg2dec-0.3.1,motion_comp.c.obj,5548
mpeg2dec-0.3.1,motion_comp_alpha.c.obj,0
mpeg2dec-0.3.1,motion_comp_altivec.c.obj,0
mpeg2dec-0.3.1,motion_comp_mlib.c.obj,0
mpeg2dec-0.3.1,motion_comp_mmx.c.obj,0
mpeg2dec-0.3.1,mpeg2dec.c.obj,3734
mpeg2dec-0.3.1,slice.c.obj,14158
mpeg2dec-0.3.1,video_out.c.obj,74
mpeg2dec-0.3.1,video_out_dx.c.obj,0
mpeg2dec-0.3.1,video_out_null.c.obj,264
mpeg2dec-0.3.1,video_out_pgm.c.obj,483
mpeg2dec-0.3.1,video_out_sdl.c.obj,717
mpeg2dec-0.3.1,video_out_x11.c.obj,0
mpeg2dec-0.3.1,yuv2rgb.c.obj,3744
mpeg2dec-0.3.1,yuv2rgb_mlib.c.obj,0
mpeg2dec-0.3.1,yuv2rgb_mmx.c.obj,0
jikespg-1.3,ctabs.c.obj,43273
jikespg-1.3,globals.c.obj,48
jikespg-1.3,lpgparse.c.obj,37425
jikespg-1.3,lpgutil.c.obj,3817
jikespg-1.3,main.c.obj,5471
jikespg-1.3,mkfirst.c.obj,11488
jikespg-1.3,mkred.c.obj,5516
jikespg-1.3,mkstates.c.obj,2227
jikespg-1.3,partset.c.obj,1338
jikespg-1.3,prntstat.c.obj,2756
jikespg-1.3,produce.c.obj,8627
jikespg-1.3,ptables.c.obj,2637
jikespg-1.3,remsp.c.obj,6082
jikespg-1.3,resolve.c.obj,9606
jikespg-1.3,spacetab.c.obj,15613
jikespg-1.3,tabutil.c.obj,10192
jikespg-1.3,timetab.c.obj,7730
libmspack,cabc.c.obj,22
libmspack,cabd.c.obj,5004
libmspack,cabd_md5.c.obj,1161
libmspack,cabd_test.c.obj,9290
libmspack,cabextract_md5.c.obj,19893
libmspack,cabrip.c.obj,397
libmspack,chmc.c.obj,22
libmspack,chmd.c.obj,3052
libmspack,chmd_md5.c.obj,1010
libmspack,hlpc.c.obj,22
libmspack,hlpd.c.obj,22
libmspack,kwajc.c.obj,22
libmspack,kwajd.c.obj,22
libmspack,litc.c.obj,22
libmspack,litd.c.obj,22
libmspack,lzxc.c.obj,0
libmspack,lzxd.c.obj,5850
libmspack,md5.c.obj,2616
libmspack,mszipc.c.obj,0
libmspack,mszipd.c.obj,42
libmspack,qtmc.c.obj,0
libmspack,qtmd.c.obj,4226
libmspack,system.c.obj,554
libmspack,szddc.c.obj,22
libmspack,szddd.c.obj,22
compiler,cg.c.obj,2423
compiler,main.c.obj,2078
compiler,parser.c.obj,4168
compiler,scanner.c.obj,3095
compiler,vam.c.obj,3383
compiler,vas.c.obj,5734
teem-1.6.0-src,1op.c.obj,1575
teem-1.6.0-src,2op.c.obj,2082
teem-1.6.0-src,3op.c.obj,2188
teem-1.6.0-src,754.c.obj,1507
teem-1.6.0-src,about.c.obj,2718
teem-1.6.0-src,accessors.c.obj,6891
teem-1.6.0-src,aniso.c.obj,2896
teem-1.6.0-src,apply1D.c.obj,6803
teem-1.6.0-src,arith.c.obj,5256
teem-1.6.0-src,array.c.obj,550
teem-1.6.0-src,arraysNrrd.c.obj,0
teem-1.6.0-src,ax.c.obj,2761
teem-1.6.0-src,axdelete.c.obj,1266
teem-1.6.0-src,axinfo.c.obj,1285
teem-1.6.0-src,axinsert.c.obj,1041
teem-1.6.0-src,axis.c.obj,2136
teem-1.6.0-src,axmerge.c.obj,1243
teem-1.6.0-src,axsplit.c.obj,1084
teem-1.6.0-src,bday.c.obj,946
teem-1.6.0-src,biff.c.obj,2245
teem-1.6.0-src,bimod.c.obj,4607
teem-1.6.0-src,block.c.obj,1042
teem-1.6.0-src,bounds.c.obj,3879
teem-1.6.0-src,bow.c.obj,582
teem-1.6.0-src,cam.c.obj,3137
teem-1.6.0-src,cc.c.obj,8991
teem-1.6.0-src,ccadj.c.obj,1105
teem-1.6.0-src,ccfind.c.obj,1613
teem-1.6.0-src,ccmerge.c.obj,2511
teem-1.6.0-src,ccmethods.c.obj,1088
teem-1.6.0-src,ccsettle.c.obj,946
teem-1.6.0-src,chan.c.obj,7095
teem-1.6.0-src,clip.c.obj,706
teem-1.6.0-src,cmedian.c.obj,2380
teem-1.6.0-src,color.c.obj,4940
teem-1.6.0-src,comment.c.obj,405
teem-1.6.0-src,conv.c.obj,372
teem-1.6.0-src,convert.c.obj,1092
teem-1.6.0-src,convertDye.c.obj,2808
teem-1.6.0-src,convertNrrd.c.obj,4092
teem-1.6.0-src,convo.c.obj,1665
teem-1.6.0-src,coreAlan.c.obj,3557
teem-1.6.0-src,crop.c.obj,1304
teem-1.6.0-src,ctx.c.obj,4194
teem-1.6.0-src,cubicEll.c.obj,1020
teem-1.6.0-src,data.c.obj,1200
teem-1.6.0-src,defaultsBane.c.obj,5
teem-1.6.0-src,defaultsGage.c.obj,5
teem-1.6.0-src,defaultsHest.c.obj,0
teem-1.6.0-src,defaultsHoover.c.obj,7
teem-1.6.0-src,defaultsLimn.c.obj,5
teem-1.6.0-src,defaultsMite.c.obj,5
teem-1.6.0-src,defaultsMoss.c.obj,5
teem-1.6.0-src,defaultsNrrd.c.obj,575
teem-1.6.0-src,defaultsTen.c.obj,16
teem-1.6.0-src,dehex.c.obj,735
teem-1.6.0-src,dhisto.c.obj,1246
teem-1.6.0-src,dice.c.obj,1686
teem-1.6.0-src,dio.c.obj,1890
teem-1.6.0-src,doubleprint.c.obj,574
teem-1.6.0-src,eigen.c.obj,2128
teem-1.6.0-src,encoding.c.obj,666
teem-1.6.0-src,encodingAscii.c.obj,1437
teem-1.6.0-src,encodingBzip2.c.obj,566
teem-1.6.0-src,encodingGzip.c.obj,634
teem-1.6.0-src,encodingHex.c.obj,1524
teem-1.6.0-src,encodingRaw.c.obj,1838
teem-1.6.0-src,endianAir.c.obj,4
teem-1.6.0-src,endianNrrd.c.obj,335
teem-1.6.0-src,enhex.c.obj,673
teem-1.6.0-src,enum.c.obj,732
teem-1.6.0-src,enumsAlan.c.obj,0
teem-1.6.0-src,enumsEcho.c.obj,0
teem-1.6.0-src,enumsNrrd.c.obj,0
teem-1.6.0-src,enumsTen.c.obj,0
teem-1.6.0-src,env.c.obj,1033
teem-1.6.0-src,epireg.c.obj,11480
teem-1.6.0-src,ex0.c.obj,509
teem-1.6.0-src,ex1.c.obj,1147
teem-1.6.0-src,ex2.c.obj,904
teem-1.6.0-src,ex3.c.obj,1422
teem-1.6.0-src,ex4.c.obj,1028
teem-1.6.0-src,ex5.c.obj,737
teem-1.6.0-src,fiber.c.obj,2879
teem-1.6.0-src,fiberMethods.c.obj,2495
teem-1.6.0-src,filt.c.obj,4555
teem-1.6.0-src,filter.c.obj,2820
teem-1.6.0-src,flip.c.obj,758
teem-1.6.0-src,floatprint.c.obj,564
teem-1.6.0-src,flotsam.c.obj,2382
teem-1.6.0-src,format.c.obj,700
teem-1.6.0-src,formatEPS.c.obj,2197
teem-1.6.0-src,formatNRRD.c.obj,3465
teem-1.6.0-src,formatPNG.c.obj,718
teem-1.6.0-src,formatPNM.c.obj,2699
teem-1.6.0-src,formatText.c.obj,2505
teem-1.6.0-src,formatVTK.c.obj,5161
teem-1.6.0-src,fp.c.obj,1522
teem-1.6.0-src,gamma.c.obj,1262
teem-1.6.0-src,genmat.c.obj,2700
teem-1.6.0-src,genvol.c.obj,1491
teem-1.6.0-src,gkmsFlotsam.c.obj,1892
teem-1.6.0-src,gkmsHvol.c.obj,2718
teem-1.6.0-src,gkmsInfo.c.obj,1245
teem-1.6.0-src,gkmsMite.c.obj,1104
teem-1.6.0-src,gkmsOpac.c.obj,3029
teem-1.6.0-src,gkmsPvg.c.obj,2382
teem-1.6.0-src,gkmsScat.c.obj,1456
teem-1.6.0-src,gkmsTxf.c.obj,2708
teem-1.6.0-src,glyph.c.obj,4381
teem-1.6.0-src,gzio.c.obj,0
teem-1.6.0-src,head.c.obj,1338
teem-1.6.0-src,heq.c.obj,1961
teem-1.6.0-src,hestLimn.c.obj,966
teem-1.6.0-src,hestMoss.c.obj,1050
teem-1.6.0-src,hestNrrd.c.obj,1015
teem-1.6.0-src,histax.c.obj,1231
teem-1.6.0-src,histo.c.obj,1414
teem-1.6.0-src,histogram.c.obj,5351
teem-1.6.0-src,hvol.c.obj,6131
teem-1.6.0-src,imap.c.obj,2342
teem-1.6.0-src,inc.c.obj,2493
teem-1.6.0-src,inset.c.obj,1273
teem-1.6.0-src,intx.c.obj,7226
teem-1.6.0-src,invert.c.obj,629
teem-1.6.0-src,io.c.obj,745
teem-1.6.0-src,iter.c.obj,613
teem-1.6.0-src,jhisto.c.obj,2413
teem-1.6.0-src,join.c.obj,1388
teem-1.6.0-src,kernel.c.obj,14687
teem-1.6.0-src,keyvalue.c.obj,753
teem-1.6.0-src,kv.c.obj,343
teem-1.6.0-src,light.c.obj,424
teem-1.6.0-src,lightEcho.c.obj,529
teem-1.6.0-src,list.c.obj,1168
teem-1.6.0-src,lut.c.obj,1961
teem-1.6.0-src,make.c.obj,6197
teem-1.6.0-src,map.c.obj,316
teem-1.6.0-src,mat.c.obj,9576
teem-1.6.0-src,matter.c.obj,404
teem-1.6.0-src,measr.c.obj,306
teem-1.6.0-src,measure.c.obj,7035
teem-1.6.0-src,methodsAlan.c.obj,2091
teem-1.6.0-src,methodsBane.c.obj,555
teem-1.6.0-src,methodsDye.c.obj,1086
teem-1.6.0-src,methodsEcho.c.obj,545
teem-1.6.0-src,methodsHest.c.obj,2160
teem-1.6.0-src,methodsHoover.c.obj,1476
teem-1.6.0-src,methodsLimn.c.obj,288
teem-1.6.0-src,methodsMoss.c.obj,1032
teem-1.6.0-src,methodsNrrd.c.obj,3821
teem-1.6.0-src,minmax.c.obj,288
teem-1.6.0-src,miscAir.c.obj,3616
teem-1.6.0-src,miscEll.c.obj,1051
teem-1.6.0-src,miscGage.c.obj,595
teem-1.6.0-src,miscTen.c.obj,3146
teem-1.6.0-src,mod.c.obj,2795
teem-1.6.0-src,model.c.obj,764
teem-1.6.0-src,mop.c.obj,1057
teem-1.6.0-src,obj.c.obj,780
teem-1.6.0-src,objmethods.c.obj,976
teem-1.6.0-src,opac.c.obj,446
teem-1.6.0-src,pad.c.obj,1652
teem-1.6.0-src,parseAir.c.obj,1274
teem-1.6.0-src,parseHest.c.obj,11259
teem-1.6.0-src,parseNrrd.c.obj,5787
teem-1.6.0-src,permute.c.obj,965
teem-1.6.0-src,pos.c.obj,529
teem-1.6.0-src,print.c.obj,5385
teem-1.6.0-src,project.c.obj,1797
teem-1.6.0-src,pvl.c.obj,1340
teem-1.6.0-src,qn.c.obj,2177
teem-1.6.0-src,quadvol.c.obj,1409
teem-1.6.0-src,quantize.c.obj,1542
teem-1.6.0-src,quat.c.obj,7822
teem-1.6.0-src,range.c.obj,640
teem-1.6.0-src,rangeBane.c.obj,884
teem-1.6.0-src,ray.c.obj,2602
teem-1.6.0-src,rays.c.obj,2267
teem-1.6.0-src,read.c.obj,2572
teem-1.6.0-src,renderEcho.c.obj,3979
teem-1.6.0-src,renderLimn.c.obj,2897
teem-1.6.0-src,renderMite.c.obj,1033
teem-1.6.0-src,reorder.c.obj,8056
teem-1.6.0-src,resample.c.obj,3190
teem-1.6.0-src,resampleNrrd.c.obj,5557
teem-1.6.0-src,reshape.c.obj,926
teem-1.6.0-src,rmap.c.obj,2401
teem-1.6.0-src,sampler.c.obj,2026
teem-1.6.0-src,sane.c.obj,3031
teem-1.6.0-src,save.c.obj,2720
teem-1.6.0-src,scat.c.obj,665
teem-1.6.0-src,scl.c.obj,0
teem-1.6.0-src,sclanswer.c.obj,4085
teem-1.6.0-src,sclfilter.c.obj,6657
teem-1.6.0-src,sclprint.c.obj,877
teem-1.6.0-src,set.c.obj,886
teem-1.6.0-src,shape.c.obj,2705
teem-1.6.0-src,shapes.c.obj,3836
teem-1.6.0-src,shuffle.c.obj,1524
teem-1.6.0-src,sigma.c.obj,153
teem-1.6.0-src,simple.c.obj,4141
teem-1.6.0-src,slice.c.obj,1193
teem-1.6.0-src,soid.c.obj,3261
teem-1.6.0-src,sort3.c.obj,662
teem-1.6.0-src,splice.c.obj,1293
teem-1.6.0-src,splineEval.c.obj,3749
teem-1.6.0-src,splineMethods.c.obj,4100
teem-1.6.0-src,splineMisc.c.obj,2241
teem-1.6.0-src,sqd.c.obj,4889
teem-1.6.0-src,st.c.obj,2779
teem-1.6.0-src,string.c.obj,1036
teem-1.6.0-src,strings.c.obj,1119
teem-1.6.0-src,stub.c.obj,98
teem-1.6.0-src,subset.c.obj,2335
teem-1.6.0-src,superset.c.obj,4111
teem-1.6.0-src,swap.c.obj,781
teem-1.6.0-src,tbc.c.obj,1568
teem-1.6.0-src,tblah.c.obj,989
teem-1.6.0-src,tcam.c.obj,1064
teem-1.6.0-src,tcamanim.c.obj,3027
teem-1.6.0-src,tem.c.obj,988
teem-1.6.0-src,tenGage.c.obj,2505
teem-1.6.0-src,tendAnhist.c.obj,1107
teem-1.6.0-src,tendAnplot.c.obj,1593
teem-1.6.0-src,tendAnscale.c.obj,1327
teem-1.6.0-src,tendAnvol.c.obj,1445
teem-1.6.0-src,tendBmat.c.obj,1281
teem-1.6.0-src,tendEllipse.c.obj,2261
teem-1.6.0-src,tendEpireg.c.obj,4400
teem-1.6.0-src,tendEstim.c.obj,3717
teem-1.6.0-src,tendEval.c.obj,1568
teem-1.6.0-src,tendEvaladd.c.obj,936
teem-1.6.0-src,tendEvalclamp.c.obj,1220
teem-1.6.0-src,tendEvalpow.c.obj,847
teem-1.6.0-src,tendEvec.c.obj,1582
teem-1.6.0-src,tendEvecrgb.c.obj,1835
teem-1.6.0-src,tendEvq.c.obj,2125
teem-1.6.0-src,tendExpand.c.obj,1388
teem-1.6.0-src,tendFiber.c.obj,2464
teem-1.6.0-src,tendFlotsam.c.obj,1126
teem-1.6.0-src,tendGlyph.c.obj,6588
teem-1.6.0-src,tendMake.c.obj,909
teem-1.6.0-src,tendNorm.c.obj,1233
teem-1.6.0-src,tendPoint.c.obj,1540
teem-1.6.0-src,tendSatin.c.obj,4276
teem-1.6.0-src,tendShrink.c.obj,896
teem-1.6.0-src,tendSim.c.obj,1296
teem-1.6.0-src,tendSlice.c.obj,953
teem-1.6.0-src,tendSten.c.obj,1278
teem-1.6.0-src,tensor.c.obj,5035
teem-1.6.0-src,test.c.obj,874
teem-1.6.0-src,tg.c.obj,1663
teem-1.6.0-src,thread.c.obj,290
teem-1.6.0-src,threadAir.c.obj,1074
teem-1.6.0-src,tinfo.c.obj,509
teem-1.6.0-src,tkernel.c.obj,1619
teem-1.6.0-src,tline.c.obj,409
teem-1.6.0-src,tmfKernel.c.obj,96841
teem-1.6.0-src,tmop.c.obj,587
teem-1.6.0-src,tok.c.obj,270
teem-1.6.0-src,tps.c.obj,2404
teem-1.6.0-src,tq.c.obj,3883
teem-1.6.0-src,trand.c.obj,173
teem-1.6.0-src,transform.c.obj,1965
teem-1.6.0-src,tread.c.obj,272
teem-1.6.0-src,trend.c.obj,6957
teem-1.6.0-src,trex.c.obj,330
teem-1.6.0-src,trnsf.c.obj,3942
teem-1.6.0-src,tspline.c.obj,1817
teem-1.6.0-src,tspot.c.obj,907
teem-1.6.0-src,tt.c.obj,1878
teem-1.6.0-src,txf.c.obj,3099
teem-1.6.0-src,typestest.c.obj,404
teem-1.6.0-src,unblock.c.obj,1062
teem-1.6.0-src,unquantize.c.obj,1047
teem-1.6.0-src,update.c.obj,4382
teem-1.6.0-src,usage.c.obj,2591
teem-1.6.0-src,user.c.obj,835
teem-1.6.0-src,valid.c.obj,2182
teem-1.6.0-src,vecEll.c.obj,956
teem-1.6.0-src,vecGage.c.obj,2341
teem-1.6.0-src,vecprint.c.obj,60
teem-1.6.0-src,winKernel.c.obj,12512
teem-1.6.0-src,write.c.obj,3955
teem-1.6.0-src,xform.c.obj,2954
ttt-0.10.1.preproc,connect4.o,7569
ttt-0.10.1.preproc,engine.o,3992
ttt-0.10.1.preproc,main.o,1907
ttt-0.10.1.preproc,parse.o,2646
ttt-0.10.1.preproc,ttt.o,10373
ttt-0.10.1.preproc,util.o,2501
unrarlib-0.4.0,getfile.c.obj,749
unrarlib-0.4.0,listarchive.c.obj,938
unrarlib-0.4.0,unrarlib.c.obj,9754
libpng-1.2.5,png.c.obj,2441
libpng-1.2.5,png2pnm.c.obj,2317
libpng-1.2.5,pngerror.c.obj,837
libpng-1.2.5,pngget.c.obj,2388
libpng-1.2.5,pngmem.c.obj,469
libpng-1.2.5,pngpread.c.obj,5911
libpng-1.2.5,pngread.c.obj,7134
libpng-1.2.5,pngrio.c.obj,297
libpng-1.2.5,pngrtran.c.obj,14874
libpng-1.2.5,pngrutil.c.obj,13708
libpng-1.2.5,pngset.c.obj,5143
libpng-1.2.5,pngtest.c.obj,5342
libpng-1.2.5,pngtrans.c.obj,1878
libpng-1.2.5,pngwio.c.obj,345
libpng-1.2.5,pngwrite.c.obj,5261
libpng-1.2.5,pngwtran.c.obj,1366
libpng-1.2.5,pngwutil.c.obj,10709
libpng-1.2.5,pnm2png.c.obj,2545
flex-2.5.31,buf.c.obj,849
flex-2.5.31,ccl.c.obj,980
flex-2.5.31,dfa.c.obj,5758
flex-2.5.31,ecs.c.obj,480
flex-2.5.31,filter.c.obj,1837
flex-2.5.31,gen.c.obj,20934
flex-2.5.31,libmain.c.obj,24
flex-2.5.31,libyywrap.c.obj,12
flex-2.5.31,main.c.obj,16966
flex-2.5.31,misc.c.obj,4926
flex-2.5.31,nfa.c.obj,3180
flex-2.5.31,options.c.obj,1230
flex-2.5.31,parse.c.obj,8394
flex-2.5.31,regex.c.obj,503
flex-2.5.31,scan.c.obj,36956
flex-2.5.31,scanopt.c.obj,2750
flex-2.5.31,skel.c.obj,79802
flex-2.5.31,sym.c.obj,819
flex-2.5.31,tables.c.obj,1693
flex-2.5.31,tables_shared.c.obj,36
flex-2.5.31,tblcmp.c.obj,2940
flex-2.5.31,yylex.c.obj,824
cg_compiler_opensrc,atom.c.obj,3104
cg_compiler_opensrc,binding.c.obj,1339
cg_compiler_opensrc,cgcmain.c.obj,2027
cg_compiler_opensrc,cgstruct.c.obj,92
cg_compiler_opensrc,check.c.obj,2871
cg_compiler_opensrc,compile.c.obj,10633
cg_compiler_opensrc,constfold.c.obj,3008
cg_compiler_opensrc,cpp.c.obj,5334
cg_compiler_opensrc,generic_hal.c.obj,1497
cg_compiler_opensrc,hal.c.obj,2247
cg_compiler_opensrc,inline.c.obj,2320
cg_compiler_opensrc,memory.c.obj,454
cg_compiler_opensrc,parser.c.obj,12519
cg_compiler_opensrc,printutils.c.obj,8537
cg_compiler_opensrc,scanner.c.obj,5315
cg_compiler_opensrc,semantic.c.obj,3594
cg_compiler_opensrc,stdlib.c.obj,10
cg_compiler_opensrc,support.c.obj,19839
cg_compiler_opensrc,support_iter.c.obj,1668
cg_compiler_opensrc,symbols.c.obj,5661
cg_compiler_opensrc,tokenize.c.obj,652
cg_compiler_opensrc,tokens.c.obj,2543
lwip-0.5.3.preproc,api_lib.o,5147
lwip-0.5.3.preproc,api_msg.o,4332
lwip-0.5.3.preproc,arp.o,2424
lwip-0.5.3.preproc,err.o,0
lwip-0.5.3.preproc,fs.o,40271
lwip-0.5.3.preproc,httpd.o,1614
lwip-0.5.3.preproc,icmp.o,1693
lwip-0.5.3.preproc,inet.o,946
lwip-0.5.3.preproc,ip.o,2968
lwip-0.5.3.preproc,ip_addr.o,0
lwip-0.5.3.preproc,loopif.o,313
lwip-0.5.3.preproc,mem.o,2133
lwip-0.5.3.preproc,memp.o,2054
lwip-0.5.3.preproc,netif.o,798
lwip-0.5.3.preproc,pbuf.o,3367
lwip-0.5.3.preproc,shell.o,12497
lwip-0.5.3.preproc,simhost.o,722
lwip-0.5.3.preproc,simnode.o,659
lwip-0.5.3.preproc,simrouter.o,844
lwip-0.5.3.preproc,sockets.o,2686
lwip-0.5.3.preproc,stats.o,78
lwip-0.5.3.preproc,sys.o,1044
lwip-0.5.3.preproc,tcp.o,6733
lwip-0.5.3.preproc,tcp_input.o,10939
lwip-0.5.3.preproc,tcp_output.o,5832
lwip-0.5.3.preproc,tcpdump.o,1993
lwip-0.5.3.preproc,tcpecho.o,332
lwip-0.5.3.preproc,tcpip.o,706
lwip-0.5.3.preproc,udp.o,2607
lwip-0.5.3.preproc,udpecho.o,394
