Compiler version,clang version 8.0.0 (trunk 339467)
Compiler flags,-Os

Date,2018-08-10
Revision,339467

mpgcut-1.1,mpgcut.c.o,12473
jpeg-6b,ansi2knr.c.o,3369
jpeg-6b,cdjpeg.c.o,275
jpeg-6b,cjpeg.c.o,6370
jpeg-6b,ckconfig.c.o,2598
jpeg-6b,djpeg.c.o,6957
jpeg-6b,jcapimin.c.o,1217
jpeg-6b,jcapistd.c.o,675
jpeg-6b,jccoefct.c.o,2675
jpeg-6b,jccolor.c.o,1936
jpeg-6b,jcdctmgr.c.o,1952
jpeg-6b,jchuff.c.o,5928
jpeg-6b,jcinit.c.o,239
jpeg-6b,jcmainct.c.o,625
jpeg-6b,jcmarker.c.o,3091
jpeg-6b,jcmaster.c.o,3503
jpeg-6b,jcomapi.c.o,272
jpeg-6b,jcparam.c.o,4036
jpeg-6b,jcphuff.c.o,7519
jpeg-6b,jcprepct.c.o,2126
jpeg-6b,jcsample.c.o,3363
jpeg-6b,jctrans.c.o,1971
jpeg-6b,jdapimin.c.o,1589
jpeg-6b,jdapistd.c.o,1319
jpeg-6b,jdatadst.c.o,508
jpeg-6b,jdatasrc.c.o,522
jpeg-6b,jdcoefct.c.o,4904
jpeg-6b,jdcolor.c.o,1785
jpeg-6b,jddctmgr.c.o,1059
jpeg-6b,jdhuff.c.o,3246
jpeg-6b,jdinput.c.o,1797
jpeg-6b,jdmainct.c.o,2159
jpeg-6b,jdmarker.c.o,8413
jpeg-6b,jdmaster.c.o,2457
jpeg-6b,jdmerge.c.o,1966
jpeg-6b,jdphuff.c.o,3825
jpeg-6b,jdpostct.c.o,1219
jpeg-6b,jdsample.c.o,2498
jpeg-6b,jdtrans.c.o,496
jpeg-6b,jerror.c.o,6242
jpeg-6b,jfdctflt.c.o,981
jpeg-6b,jfdctfst.c.o,1210
jpeg-6b,jfdctint.c.o,855
jpeg-6b,jidctflt.c.o,1200
jpeg-6b,jidctfst.c.o,1093
jpeg-6b,jidctint.c.o,1382
jpeg-6b,jidctred.c.o,1514
jpeg-6b,jmemmgr.c.o,4866
jpeg-6b,jmemnobs.c.o,236
jpeg-6b,jpegtran.c.o,4436
jpeg-6b,jquant1.c.o,3994
jpeg-6b,jquant2.c.o,5682
jpeg-6b,jutils.c.o,631
jpeg-6b,rdbmp.c.o,2960
jpeg-6b,rdcolmap.c.o,1314
jpeg-6b,rdgif.c.o,139
jpeg-6b,rdjpgcom.c.o,2662
jpeg-6b,rdppm.c.o,2492
jpeg-6b,rdrle.c.o,0
jpeg-6b,rdswitch.c.o,2705
jpeg-6b,rdtarga.c.o,2427
jpeg-6b,transupp.c.o,5938
jpeg-6b,wrbmp.c.o,2302
jpeg-6b,wrgif.c.o,1859
jpeg-6b,wrjpgcom.c.o,3519
jpeg-6b,wrppm.c.o,889
jpeg-6b,wrrle.c.o,0
jpeg-6b,wrtarga.c.o,1160
zlib-1.1.4,adler32.c.o,548
zlib-1.1.4,compress.c.o,256
zlib-1.1.4,crc32.c.o,2431
zlib-1.1.4,deflate.c.o,7404
zlib-1.1.4,example.c.o,5151
zlib-1.1.4,gzio.c.o,5109
zlib-1.1.4,infblock.c.o,4655
zlib-1.1.4,infcodes.c.o,2469
zlib-1.1.4,inffast.c.o,1332
zlib-1.1.4,inflate.c.o,2325
zlib-1.1.4,inftrees.c.o,2788
zlib-1.1.4,infutil.c.o,382
zlib-1.1.4,minigzip.c.o,1650
zlib-1.1.4,trees.c.o,9900
zlib-1.1.4,uncompr.c.o,224
zlib-1.1.4,zutil.c.o,268
replaypc-0.4.0.preproc,ReplayPC.o,6092
replaypc-0.4.0.preproc,addressbook.o,1183
replaypc-0.4.0.preproc,bigfile.o,681
replaypc-0.4.0.preproc,build-ndx.o,1000
replaypc-0.4.0.preproc,cg.o,3613
replaypc-0.4.0.preproc,channelset.o,385
replaypc-0.4.0.preproc,crypt-test.o,2398
replaypc-0.4.0.preproc,crypt.o,1496
replaypc-0.4.0.preproc,dump-addressbook.o,788
replaypc-0.4.0.preproc,dump-cg2.o,734
replaypc-0.4.0.preproc,dump-channelset.o,624
replaypc-0.4.0.preproc,dump-filedarray.o,824
replaypc-0.4.0.preproc,dump-guide.o,973
replaypc-0.4.0.preproc,dump-headend.o,597
replaypc-0.4.0.preproc,dump-programset.o,1005
replaypc-0.4.0.preproc,dump-replaychannels.o,531
replaypc-0.4.0.preproc,dump-replayshows.o,526
replaypc-0.4.0.preproc,dump-zipcode2.o,526
replaypc-0.4.0.preproc,dump.o,2649
replaypc-0.4.0.preproc,filedarray.o,434
replaypc-0.4.0.preproc,find-GOPs.o,518
replaypc-0.4.0.preproc,guide.o,10278
replaypc-0.4.0.preproc,guideclient.o,1230
replaypc-0.4.0.preproc,headend.o,1386
replaypc-0.4.0.preproc,httpclient.o,4659
replaypc-0.4.0.preproc,httpfs.o,9409
replaypc-0.4.0.preproc,httpfsclient.o,3904
replaypc-0.4.0.preproc,mark-commercial.o,2768
replaypc-0.4.0.preproc,ndx-dump.o,5679
replaypc-0.4.0.preproc,ndx.o,913
replaypc-0.4.0.preproc,program.o,2993
replaypc-0.4.0.preproc,rddns.o,948
replaypc-0.4.0.preproc,rddnsclient.o,1870
replaypc-0.4.0.preproc,rtv.o,1810
replaypc-0.4.0.preproc,rtvguide.o,2019
replaypc-0.4.0.preproc,sleep.o,90
replaypc-0.4.0.preproc,un-protect.o,1654
replaypc-0.4.0.preproc,version-test.o,279
replaypc-0.4.0.preproc,zipcode.o,611
OpenTCP-1.0.4,arp.c.o,2625
OpenTCP-1.0.4,bootp.c.o,883
OpenTCP-1.0.4,dhcpc.c.o,1748
OpenTCP-1.0.4,dns.c.o,1557
OpenTCP-1.0.4,ethernet.c.o,1617
OpenTCP-1.0.4,http_server.c.o,1847
OpenTCP-1.0.4,https_callbacks.c.o,810
OpenTCP-1.0.4,icmp.c.o,507
OpenTCP-1.0.4,ip.c.o,3140
OpenTCP-1.0.4,main_demo.c.o,335
OpenTCP-1.0.4,pop3_client.c.o,5175
OpenTCP-1.0.4,pop3c_callbacks.c.o,179
OpenTCP-1.0.4,smtp_client.c.o,3153
OpenTCP-1.0.4,smtpc_callbacks.c.o,192
OpenTCP-1.0.4,system.c.o,1237
OpenTCP-1.0.4,tcp.c.o,7659
OpenTCP-1.0.4,tcp_client_demo.c.o,681
OpenTCP-1.0.4,tcp_server_demo.c.o,674
OpenTCP-1.0.4,tftps.c.o,1096
OpenTCP-1.0.4,timers.c.o,384
OpenTCP-1.0.4,udp.c.o,1777
OpenTCP-1.0.4,udp_demo.c.o,339
bzip2-1.0.2,blocksort.c.o,7260
bzip2-1.0.2,bzip2.c.o,18667
bzip2-1.0.2,bzip2recover.c.o,4171
bzip2-1.0.2,bzlib.c.o,12866
bzip2-1.0.2,compress.c.o,15480
bzip2-1.0.2,crctable.c.o,0
bzip2-1.0.2,decompress.c.o,15606
bzip2-1.0.2,huffman.c.o,1437
bzip2-1.0.2,randtable.c.o,0
mpeg2dec-0.3.1,alloc.c.o,195
mpeg2dec-0.3.1,cpu_accel.c.o,51
mpeg2dec-0.3.1,cpu_state.c.o,49
mpeg2dec-0.3.1,decode.c.o,3722
mpeg2dec-0.3.1,extract_mpeg2.c.o,4040
mpeg2dec-0.3.1,getopt.c.o,0
mpeg2dec-0.3.1,gettimeofday.c.o,0
mpeg2dec-0.3.1,header.c.o,5068
mpeg2dec-0.3.1,idct.c.o,5676
mpeg2dec-0.3.1,idct_alpha.c.o,0
mpeg2dec-0.3.1,idct_altivec.c.o,0
mpeg2dec-0.3.1,idct_mlib.c.o,0
mpeg2dec-0.3.1,idct_mmx.c.o,0
mpeg2dec-0.3.1,motion_comp.c.o,6359
mpeg2dec-0.3.1,motion_comp_alpha.c.o,0
mpeg2dec-0.3.1,motion_comp_altivec.c.o,0
mpeg2dec-0.3.1,motion_comp_mlib.c.o,0
mpeg2dec-0.3.1,motion_comp_mmx.c.o,0
mpeg2dec-0.3.1,mpeg2dec.c.o,5627
mpeg2dec-0.3.1,slice.c.o,26638
mpeg2dec-0.3.1,video_out.c.o,112
mpeg2dec-0.3.1,video_out_dx.c.o,0
mpeg2dec-0.3.1,video_out_null.c.o,586
mpeg2dec-0.3.1,video_out_pgm.c.o,938
mpeg2dec-0.3.1,video_out_sdl.c.o,1064
mpeg2dec-0.3.1,video_out_x11.c.o,0
mpeg2dec-0.3.1,yuv2rgb.c.o,5277
mpeg2dec-0.3.1,yuv2rgb_mlib.c.o,0
mpeg2dec-0.3.1,yuv2rgb_mmx.c.o,0
jikespg-1.3,ctabs.c.o,49418
jikespg-1.3,globals.c.o,56
jikespg-1.3,lpgparse.c.o,48136
jikespg-1.3,lpgutil.c.o,6427
jikespg-1.3,main.c.o,6874
jikespg-1.3,mkfirst.c.o,15942
jikespg-1.3,mkred.c.o,7615
jikespg-1.3,mkstates.c.o,3463
jikespg-1.3,partset.c.o,2044
jikespg-1.3,prntstat.c.o,3872
jikespg-1.3,produce.c.o,12397
jikespg-1.3,ptables.c.o,3399
jikespg-1.3,remsp.c.o,8574
jikespg-1.3,resolve.c.o,15186
jikespg-1.3,spacetab.c.o,22049
jikespg-1.3,tabutil.c.o,14810
jikespg-1.3,timetab.c.o,10519
libmspack,cabc.c.o,68
libmspack,cabd.c.o,7844
libmspack,cabd_md5.c.o,1568
libmspack,cabd_test.c.o,11689
libmspack,cabextract_md5.c.o,29651
libmspack,cabrip.c.o,685
libmspack,chmc.c.o,68
libmspack,chmd.c.o,4386
libmspack,chmd_md5.c.o,1493
libmspack,hlpc.c.o,68
libmspack,hlpd.c.o,68
libmspack,kwajc.c.o,68
libmspack,kwajd.c.o,68
libmspack,litc.c.o,68
libmspack,litd.c.o,68
libmspack,lzxc.c.o,0
libmspack,lzxd.c.o,8816
libmspack,md5.c.o,3526
libmspack,mszipc.c.o,0
libmspack,mszipd.c.o,109
libmspack,qtmc.c.o,0
libmspack,qtmd.c.o,6313
libmspack,system.c.o,1158
libmspack,szddc.c.o,68
libmspack,szddd.c.o,68
compiler,cg.c.o,3743
compiler,main.c.o,3553
compiler,parser.c.o,5965
compiler,scanner.c.o,4137
compiler,vam.c.o,5319
compiler,vas.c.o,7277
teem-1.6.0-src,1op.c.o,2073
teem-1.6.0-src,2op.c.o,2648
teem-1.6.0-src,3op.c.o,2817
teem-1.6.0-src,754.c.o,2295
teem-1.6.0-src,about.c.o,3070
teem-1.6.0-src,accessors.c.o,8286
teem-1.6.0-src,aniso.c.o,4355
teem-1.6.0-src,apply1D.c.o,9912
teem-1.6.0-src,arith.c.o,7418
teem-1.6.0-src,array.c.o,1041
teem-1.6.0-src,arraysNrrd.c.o,0
teem-1.6.0-src,ax.c.o,3481
teem-1.6.0-src,axdelete.c.o,1806
teem-1.6.0-src,axinfo.c.o,1834
teem-1.6.0-src,axinsert.c.o,1452
teem-1.6.0-src,axis.c.o,3383
teem-1.6.0-src,axmerge.c.o,1764
teem-1.6.0-src,axsplit.c.o,1472
teem-1.6.0-src,bday.c.o,1355
teem-1.6.0-src,biff.c.o,3559
teem-1.6.0-src,bimod.c.o,6386
teem-1.6.0-src,block.c.o,1431
teem-1.6.0-src,bounds.c.o,4376
teem-1.6.0-src,bow.c.o,752
teem-1.6.0-src,cam.c.o,4894
teem-1.6.0-src,cc.c.o,15237
teem-1.6.0-src,ccadj.c.o,1470
teem-1.6.0-src,ccfind.c.o,2140
teem-1.6.0-src,ccmerge.c.o,3208
teem-1.6.0-src,ccmethods.c.o,1706
teem-1.6.0-src,ccsettle.c.o,1375
teem-1.6.0-src,chan.c.o,9751
teem-1.6.0-src,clip.c.o,1178
teem-1.6.0-src,cmedian.c.o,2995
teem-1.6.0-src,color.c.o,7901
teem-1.6.0-src,comment.c.o,881
teem-1.6.0-src,conv.c.o,533
teem-1.6.0-src,convert.c.o,1460
teem-1.6.0-src,convertDye.c.o,4118
teem-1.6.0-src,convertNrrd.c.o,4806
teem-1.6.0-src,convo.c.o,2789
teem-1.6.0-src,coreAlan.c.o,5460
teem-1.6.0-src,crop.c.o,1786
teem-1.6.0-src,ctx.c.o,6190
teem-1.6.0-src,cubicEll.c.o,1607
teem-1.6.0-src,data.c.o,1528
teem-1.6.0-src,defaultsBane.c.o,5
teem-1.6.0-src,defaultsGage.c.o,5
teem-1.6.0-src,defaultsHest.c.o,0
teem-1.6.0-src,defaultsHoover.c.o,7
teem-1.6.0-src,defaultsLimn.c.o,5
teem-1.6.0-src,defaultsMite.c.o,5
teem-1.6.0-src,defaultsMoss.c.o,5
teem-1.6.0-src,defaultsNrrd.c.o,726
teem-1.6.0-src,defaultsTen.c.o,16
teem-1.6.0-src,dehex.c.o,967
teem-1.6.0-src,dhisto.c.o,1728
teem-1.6.0-src,dice.c.o,2135
teem-1.6.0-src,dio.c.o,2001
teem-1.6.0-src,doubleprint.c.o,732
teem-1.6.0-src,eigen.c.o,3108
teem-1.6.0-src,encoding.c.o,807
teem-1.6.0-src,encodingAscii.c.o,1976
teem-1.6.0-src,encodingBzip2.c.o,702
teem-1.6.0-src,encodingGzip.c.o,773
teem-1.6.0-src,encodingHex.c.o,1870
teem-1.6.0-src,encodingRaw.c.o,2523
teem-1.6.0-src,endianAir.c.o,4
teem-1.6.0-src,endianNrrd.c.o,517
teem-1.6.0-src,enhex.c.o,867
teem-1.6.0-src,enum.c.o,1603
teem-1.6.0-src,enumsAlan.c.o,0
teem-1.6.0-src,enumsEcho.c.o,0
teem-1.6.0-src,enumsNrrd.c.o,0
teem-1.6.0-src,enumsTen.c.o,0
teem-1.6.0-src,env.c.o,1477
teem-1.6.0-src,epireg.c.o,17605
teem-1.6.0-src,ex0.c.o,765
teem-1.6.0-src,ex1.c.o,1590
teem-1.6.0-src,ex2.c.o,1270
teem-1.6.0-src,ex3.c.o,1987
teem-1.6.0-src,ex4.c.o,1446
teem-1.6.0-src,ex5.c.o,1163
teem-1.6.0-src,fiber.c.o,4202
teem-1.6.0-src,fiberMethods.c.o,3649
teem-1.6.0-src,filt.c.o,8712
teem-1.6.0-src,filter.c.o,3661
teem-1.6.0-src,flip.c.o,1123
teem-1.6.0-src,floatprint.c.o,726
teem-1.6.0-src,flotsam.c.o,3404
teem-1.6.0-src,format.c.o,971
teem-1.6.0-src,formatEPS.c.o,2964
teem-1.6.0-src,formatNRRD.c.o,4793
teem-1.6.0-src,formatPNG.c.o,972
teem-1.6.0-src,formatPNM.c.o,3938
teem-1.6.0-src,formatText.c.o,3700
teem-1.6.0-src,formatVTK.c.o,7034
teem-1.6.0-src,fp.c.o,1843
teem-1.6.0-src,gamma.c.o,1735
teem-1.6.0-src,genmat.c.o,4063
teem-1.6.0-src,genvol.c.o,2243
teem-1.6.0-src,gkmsFlotsam.c.o,2656
teem-1.6.0-src,gkmsHvol.c.o,3353
teem-1.6.0-src,gkmsInfo.c.o,1674
teem-1.6.0-src,gkmsMite.c.o,1500
teem-1.6.0-src,gkmsOpac.c.o,3878
teem-1.6.0-src,gkmsPvg.c.o,3203
teem-1.6.0-src,gkmsScat.c.o,1947
teem-1.6.0-src,gkmsTxf.c.o,3489
teem-1.6.0-src,glyph.c.o,6091
teem-1.6.0-src,gzio.c.o,0
teem-1.6.0-src,head.c.o,1791
teem-1.6.0-src,heq.c.o,2518
teem-1.6.0-src,hestLimn.c.o,1492
teem-1.6.0-src,hestMoss.c.o,1470
teem-1.6.0-src,hestNrrd.c.o,1472
teem-1.6.0-src,histax.c.o,1791
teem-1.6.0-src,histo.c.o,1955
teem-1.6.0-src,histogram.c.o,7917
teem-1.6.0-src,hvol.c.o,8828
teem-1.6.0-src,imap.c.o,2977
teem-1.6.0-src,inc.c.o,3432
teem-1.6.0-src,inset.c.o,1770
teem-1.6.0-src,intx.c.o,10791
teem-1.6.0-src,invert.c.o,952
teem-1.6.0-src,io.c.o,1010
teem-1.6.0-src,iter.c.o,1017
teem-1.6.0-src,jhisto.c.o,3110
teem-1.6.0-src,join.c.o,1813
teem-1.6.0-src,kernel.c.o,22080
teem-1.6.0-src,keyvalue.c.o,1463
teem-1.6.0-src,kv.c.o,488
teem-1.6.0-src,light.c.o,617
teem-1.6.0-src,lightEcho.c.o,733
teem-1.6.0-src,list.c.o,1764
teem-1.6.0-src,lut.c.o,2535
teem-1.6.0-src,make.c.o,7876
teem-1.6.0-src,map.c.o,377
teem-1.6.0-src,mat.c.o,13340
teem-1.6.0-src,matter.c.o,435
teem-1.6.0-src,measr.c.o,436
teem-1.6.0-src,measure.c.o,11455
teem-1.6.0-src,methodsAlan.c.o,2820
teem-1.6.0-src,methodsBane.c.o,851
teem-1.6.0-src,methodsDye.c.o,1547
teem-1.6.0-src,methodsEcho.c.o,975
teem-1.6.0-src,methodsHest.c.o,3787
teem-1.6.0-src,methodsHoover.c.o,1885
teem-1.6.0-src,methodsLimn.c.o,527
teem-1.6.0-src,methodsMoss.c.o,1462
teem-1.6.0-src,methodsNrrd.c.o,6488
teem-1.6.0-src,minmax.c.o,398
teem-1.6.0-src,miscAir.c.o,4900
teem-1.6.0-src,miscEll.c.o,1071
teem-1.6.0-src,miscGage.c.o,844
teem-1.6.0-src,miscTen.c.o,4633
teem-1.6.0-src,mod.c.o,4395
teem-1.6.0-src,model.c.o,1332
teem-1.6.0-src,mop.c.o,1595
teem-1.6.0-src,obj.c.o,1447
teem-1.6.0-src,objmethods.c.o,1649
teem-1.6.0-src,opac.c.o,661
teem-1.6.0-src,pad.c.o,2210
teem-1.6.0-src,parseAir.c.o,2850
teem-1.6.0-src,parseHest.c.o,16743
teem-1.6.0-src,parseNrrd.c.o,8290
teem-1.6.0-src,permute.c.o,1318
teem-1.6.0-src,pos.c.o,738
teem-1.6.0-src,print.c.o,6422
teem-1.6.0-src,project.c.o,2288
teem-1.6.0-src,pvl.c.o,2077
teem-1.6.0-src,qn.c.o,3066
teem-1.6.0-src,quadvol.c.o,1912
teem-1.6.0-src,quantize.c.o,2010
teem-1.6.0-src,quat.c.o,12945
teem-1.6.0-src,range.c.o,1066
teem-1.6.0-src,rangeBane.c.o,1066
teem-1.6.0-src,ray.c.o,3845
teem-1.6.0-src,rays.c.o,3459
teem-1.6.0-src,read.c.o,3932
teem-1.6.0-src,renderEcho.c.o,5623
teem-1.6.0-src,renderLimn.c.o,3804
teem-1.6.0-src,renderMite.c.o,1511
teem-1.6.0-src,reorder.c.o,12638
teem-1.6.0-src,resample.c.o,3894
teem-1.6.0-src,resampleNrrd.c.o,8358
teem-1.6.0-src,reshape.c.o,1283
teem-1.6.0-src,rmap.c.o,2975
teem-1.6.0-src,sampler.c.o,3002
teem-1.6.0-src,sane.c.o,3146
teem-1.6.0-src,save.c.o,3400
teem-1.6.0-src,scat.c.o,1063
teem-1.6.0-src,scl.c.o,0
teem-1.6.0-src,sclanswer.c.o,5584
teem-1.6.0-src,sclfilter.c.o,8124
teem-1.6.0-src,sclprint.c.o,1009
teem-1.6.0-src,set.c.o,1006
teem-1.6.0-src,shape.c.o,3668
teem-1.6.0-src,shapes.c.o,5877
teem-1.6.0-src,shuffle.c.o,2106
teem-1.6.0-src,sigma.c.o,259
teem-1.6.0-src,simple.c.o,6232
teem-1.6.0-src,slice.c.o,1653
teem-1.6.0-src,soid.c.o,4313
teem-1.6.0-src,sort3.c.o,722
teem-1.6.0-src,splice.c.o,1736
teem-1.6.0-src,splineEval.c.o,5598
teem-1.6.0-src,splineMethods.c.o,6074
teem-1.6.0-src,splineMisc.c.o,3063
teem-1.6.0-src,sqd.c.o,6985
teem-1.6.0-src,st.c.o,4240
teem-1.6.0-src,string.c.o,1772
teem-1.6.0-src,strings.c.o,1345
teem-1.6.0-src,stub.c.o,217
teem-1.6.0-src,subset.c.o,3591
teem-1.6.0-src,superset.c.o,6270
teem-1.6.0-src,swap.c.o,1229
teem-1.6.0-src,tbc.c.o,2167
teem-1.6.0-src,tblah.c.o,1412
teem-1.6.0-src,tcam.c.o,1412
teem-1.6.0-src,tcamanim.c.o,4473
teem-1.6.0-src,tem.c.o,1384
teem-1.6.0-src,tenGage.c.o,4775
teem-1.6.0-src,tendAnhist.c.o,1530
teem-1.6.0-src,tendAnplot.c.o,1994
teem-1.6.0-src,tendAnscale.c.o,1791
teem-1.6.0-src,tendAnvol.c.o,1845
teem-1.6.0-src,tendBmat.c.o,1580
teem-1.6.0-src,tendEllipse.c.o,3070
teem-1.6.0-src,tendEpireg.c.o,5306
teem-1.6.0-src,tendEstim.c.o,4515
teem-1.6.0-src,tendEval.c.o,2194
teem-1.6.0-src,tendEvaladd.c.o,1302
teem-1.6.0-src,tendEvalclamp.c.o,1627
teem-1.6.0-src,tendEvalpow.c.o,1213
teem-1.6.0-src,tendEvec.c.o,2210
teem-1.6.0-src,tendEvecrgb.c.o,2355
teem-1.6.0-src,tendEvq.c.o,2586
teem-1.6.0-src,tendExpand.c.o,1796
teem-1.6.0-src,tendFiber.c.o,3161
teem-1.6.0-src,tendFlotsam.c.o,1665
teem-1.6.0-src,tendGlyph.c.o,8187
teem-1.6.0-src,tendMake.c.o,1214
teem-1.6.0-src,tendNorm.c.o,1677
teem-1.6.0-src,tendPoint.c.o,1923
teem-1.6.0-src,tendSatin.c.o,6110
teem-1.6.0-src,tendShrink.c.o,1190
teem-1.6.0-src,tendSim.c.o,1699
teem-1.6.0-src,tendSlice.c.o,1404
teem-1.6.0-src,tendSten.c.o,1738
teem-1.6.0-src,tensor.c.o,7011
teem-1.6.0-src,test.c.o,1240
teem-1.6.0-src,tg.c.o,2773
teem-1.6.0-src,thread.c.o,432
teem-1.6.0-src,threadAir.c.o,1716
teem-1.6.0-src,tinfo.c.o,711
teem-1.6.0-src,tkernel.c.o,2268
teem-1.6.0-src,tline.c.o,589
teem-1.6.0-src,tmfKernel.c.o,159539
teem-1.6.0-src,tmop.c.o,885
teem-1.6.0-src,tok.c.o,410
teem-1.6.0-src,tps.c.o,3177
teem-1.6.0-src,tq.c.o,5109
teem-1.6.0-src,trand.c.o,263
teem-1.6.0-src,transform.c.o,2593
teem-1.6.0-src,tread.c.o,373
teem-1.6.0-src,trend.c.o,10018
teem-1.6.0-src,trex.c.o,493
teem-1.6.0-src,trnsf.c.o,5655
teem-1.6.0-src,tspline.c.o,2483
teem-1.6.0-src,tspot.c.o,1291
teem-1.6.0-src,tt.c.o,2815
teem-1.6.0-src,txf.c.o,4580
teem-1.6.0-src,typestest.c.o,440
teem-1.6.0-src,unblock.c.o,1493
teem-1.6.0-src,unquantize.c.o,1520
teem-1.6.0-src,update.c.o,6599
teem-1.6.0-src,usage.c.o,3849
teem-1.6.0-src,user.c.o,1167
teem-1.6.0-src,valid.c.o,2907
teem-1.6.0-src,vecEll.c.o,1227
teem-1.6.0-src,vecGage.c.o,3409
teem-1.6.0-src,vecprint.c.o,110
teem-1.6.0-src,winKernel.c.o,18400
teem-1.6.0-src,write.c.o,6137
teem-1.6.0-src,xform.c.o,4000
ttt-0.10.1.preproc,connect4.o,7569
ttt-0.10.1.preproc,engine.o,3992
ttt-0.10.1.preproc,main.o,1907
ttt-0.10.1.preproc,parse.o,2646
ttt-0.10.1.preproc,ttt.o,10373
ttt-0.10.1.preproc,util.o,2501
unrarlib-0.4.0,getfile.c.o,883
unrarlib-0.4.0,listarchive.c.o,1087
unrarlib-0.4.0,unrarlib.c.o,13593
libpng-1.2.5,png.c.o,3630
libpng-1.2.5,png2pnm.c.o,3404
libpng-1.2.5,pngerror.c.o,1292
libpng-1.2.5,pngget.c.o,3732
libpng-1.2.5,pngmem.c.o,953
libpng-1.2.5,pngpread.c.o,8385
libpng-1.2.5,pngread.c.o,7923
libpng-1.2.5,pngrio.c.o,462
libpng-1.2.5,pngrtran.c.o,22052
libpng-1.2.5,pngrutil.c.o,20135
libpng-1.2.5,pngset.c.o,7681
libpng-1.2.5,pngtest.c.o,7743
libpng-1.2.5,pngtrans.c.o,2316
libpng-1.2.5,pngwio.c.o,535
libpng-1.2.5,pngwrite.c.o,7951
libpng-1.2.5,pngwtran.c.o,1921
libpng-1.2.5,pngwutil.c.o,16950
libpng-1.2.5,pnm2png.c.o,3946
flex-2.5.31,buf.c.o,1650
flex-2.5.31,ccl.c.o,1230
flex-2.5.31,dfa.c.o,7410
flex-2.5.31,ecs.c.o,717
flex-2.5.31,filter.c.o,2701
flex-2.5.31,gen.c.o,23855
flex-2.5.31,libmain.c.o,64
flex-2.5.31,libyywrap.c.o,54
flex-2.5.31,main.c.o,17663
flex-2.5.31,misc.c.o,7409
flex-2.5.31,nfa.c.o,4193
flex-2.5.31,options.c.o,1230
flex-2.5.31,parse.c.o,10736
flex-2.5.31,regex.c.o,863
flex-2.5.31,scan.c.o,44334
flex-2.5.31,scanopt.c.o,4246
flex-2.5.31,skel.c.o,79802
flex-2.5.31,sym.c.o,1270
flex-2.5.31,tables.c.o,2902
flex-2.5.31,tables_shared.c.o,77
flex-2.5.31,tblcmp.c.o,4278
flex-2.5.31,yylex.c.o,1040
cg_compiler_opensrc,atom.c.o,4537
cg_compiler_opensrc,binding.c.o,2706
cg_compiler_opensrc,cgcmain.c.o,2795
cg_compiler_opensrc,cgstruct.c.o,150
cg_compiler_opensrc,check.c.o,4149
cg_compiler_opensrc,compile.c.o,18712
cg_compiler_opensrc,constfold.c.o,5163
cg_compiler_opensrc,cpp.c.o,7946
cg_compiler_opensrc,generic_hal.c.o,2200
cg_compiler_opensrc,hal.c.o,3494
cg_compiler_opensrc,inline.c.o,3379
cg_compiler_opensrc,memory.c.o,889
cg_compiler_opensrc,parser.c.o,16235
cg_compiler_opensrc,printutils.c.o,12898
cg_compiler_opensrc,scanner.c.o,8809
cg_compiler_opensrc,semantic.c.o,5100
cg_compiler_opensrc,stdlib.c.o,10
cg_compiler_opensrc,support.c.o,30089
cg_compiler_opensrc,support_iter.c.o,3286
cg_compiler_opensrc,symbols.c.o,9096
cg_compiler_opensrc,tokenize.c.o,975
cg_compiler_opensrc,tokens.c.o,3604
lwip-0.5.3.preproc,api_lib.o,5147
lwip-0.5.3.preproc,api_msg.o,4332
lwip-0.5.3.preproc,arp.o,2424
lwip-0.5.3.preproc,err.o,0
lwip-0.5.3.preproc,fs.o,40271
lwip-0.5.3.preproc,httpd.o,1614
lwip-0.5.3.preproc,icmp.o,1693
lwip-0.5.3.preproc,inet.o,946
lwip-0.5.3.preproc,ip.o,2968
lwip-0.5.3.preproc,ip_addr.o,0
lwip-0.5.3.preproc,loopif.o,313
lwip-0.5.3.preproc,mem.o,2133
lwip-0.5.3.preproc,memp.o,2054
lwip-0.5.3.preproc,netif.o,798
lwip-0.5.3.preproc,pbuf.o,3367
lwip-0.5.3.preproc,shell.o,12497
lwip-0.5.3.preproc,simhost.o,722
lwip-0.5.3.preproc,simnode.o,659
lwip-0.5.3.preproc,simrouter.o,844
lwip-0.5.3.preproc,sockets.o,2686
lwip-0.5.3.preproc,stats.o,78
lwip-0.5.3.preproc,sys.o,1044
lwip-0.5.3.preproc,tcp.o,6733
lwip-0.5.3.preproc,tcp_input.o,10939
lwip-0.5.3.preproc,tcp_output.o,5832
lwip-0.5.3.preproc,tcpdump.o,1993
lwip-0.5.3.preproc,tcpecho.o,332
lwip-0.5.3.preproc,tcpip.o,706
lwip-0.5.3.preproc,udp.o,2607
lwip-0.5.3.preproc,udpecho.o,394
