Compiler version,clang version 5.0.0 (trunk 293772)
Compiler flags,--target=arm-none-eabi -Oz -mcpu=cortex-m4 -mthumb

Date,2017-02-01
Revision,293772

mpgcut-1.1,mpgcut.c.obj,7855
jpeg-6b,ansi2knr.c.obj,2241
jpeg-6b,cdjpeg.c.obj,128
jpeg-6b,cjpeg.c.obj,4927
jpeg-6b,ckconfig.c.obj,2156
jpeg-6b,djpeg.c.obj,5346
jpeg-6b,jcapimin.c.obj,724
jpeg-6b,jcapistd.c.obj,412
jpeg-6b,jccoefct.c.obj,1482
jpeg-6b,jccolor.c.obj,1282
jpeg-6b,jcdctmgr.c.obj,1280
jpeg-6b,jchuff.c.obj,2832
jpeg-6b,jcinit.c.obj,156
jpeg-6b,jcmainct.c.obj,356
jpeg-6b,jcmarker.c.obj,1660
jpeg-6b,jcmaster.c.obj,2166
jpeg-6b,jcomapi.c.obj,154
jpeg-6b,jcparam.c.obj,2646
jpeg-6b,jcphuff.c.obj,2336
jpeg-6b,jcprepct.c.obj,1160
jpeg-6b,jcsample.c.obj,1772
jpeg-6b,jctrans.c.obj,1120
jpeg-6b,jdapimin.c.obj,862
jpeg-6b,jdapistd.c.obj,782
jpeg-6b,jdatadst.c.obj,268
jpeg-6b,jdatasrc.c.obj,290
jpeg-6b,jdcoefct.c.obj,2664
jpeg-6b,jdcolor.c.obj,1086
jpeg-6b,jddctmgr.c.obj,748
jpeg-6b,jdhuff.c.obj,2120
jpeg-6b,jdinput.c.obj,1072
jpeg-6b,jdmainct.c.obj,1298
jpeg-6b,jdmarker.c.obj,5076
jpeg-6b,jdmaster.c.obj,1396
jpeg-6b,jdmerge.c.obj,1340
jpeg-6b,jdphuff.c.obj,2484
jpeg-6b,jdpostct.c.obj,702
jpeg-6b,jdsample.c.obj,1444
jpeg-6b,jdtrans.c.obj,264
jpeg-6b,jerror.c.obj,5480
jpeg-6b,jfdctflt.c.obj,464
jpeg-6b,jfdctfst.c.obj,444
jpeg-6b,jfdctint.c.obj,644
jpeg-6b,jidctflt.c.obj,864
jpeg-6b,jidctfst.c.obj,844
jpeg-6b,jidctint.c.obj,1060
jpeg-6b,jidctred.c.obj,1048
jpeg-6b,jmemmgr.c.obj,2676
jpeg-6b,jmemnobs.c.obj,108
jpeg-6b,jpegtran.c.obj,3260
jpeg-6b,jquant1.c.obj,2386
jpeg-6b,jquant2.c.obj,3216
jpeg-6b,jutils.c.obj,448
jpeg-6b,rdbmp.c.obj,1744
jpeg-6b,rdcolmap.c.obj,830
jpeg-6b,rdgif.c.obj,92
jpeg-6b,rdjpgcom.c.obj,1926
jpeg-6b,rdppm.c.obj,1380
jpeg-6b,rdrle.c.obj,0
jpeg-6b,rdswitch.c.obj,1611
jpeg-6b,rdtarga.c.obj,1542
jpeg-6b,transupp.c.obj,3732
jpeg-6b,wrbmp.c.obj,1548
jpeg-6b,wrgif.c.obj,1084
jpeg-6b,wrjpgcom.c.obj,2517
jpeg-6b,wrppm.c.obj,540
jpeg-6b,wrrle.c.obj,0
jpeg-6b,wrtarga.c.obj,724
zlib-1.1.4,adler32.c.obj,260
zlib-1.1.4,compress.c.obj,136
zlib-1.1.4,crc32.c.obj,1272
zlib-1.1.4,deflate.c.obj,4680
zlib-1.1.4,example.c.obj,3581
zlib-1.1.4,gzio.c.obj,2910
zlib-1.1.4,infblock.c.obj,2584
zlib-1.1.4,infcodes.c.obj,1390
zlib-1.1.4,inffast.c.obj,984
zlib-1.1.4,inflate.c.obj,1496
zlib-1.1.4,inftrees.c.obj,2057
zlib-1.1.4,infutil.c.obj,258
zlib-1.1.4,minigzip.c.obj,1081
zlib-1.1.4,trees.c.obj,7618
zlib-1.1.4,uncompr.c.obj,104
zlib-1.1.4,zutil.c.obj,191
replaypc-0.4.0.preproc,ReplayPC.o,6092
replaypc-0.4.0.preproc,addressbook.o,1183
replaypc-0.4.0.preproc,bigfile.o,681
replaypc-0.4.0.preproc,build-ndx.o,1000
replaypc-0.4.0.preproc,cg.o,3613
replaypc-0.4.0.preproc,channelset.o,385
replaypc-0.4.0.preproc,crypt-test.o,2398
replaypc-0.4.0.preproc,crypt.o,1496
replaypc-0.4.0.preproc,dump-addressbook.o,788
replaypc-0.4.0.preproc,dump-cg2.o,734
replaypc-0.4.0.preproc,dump-channelset.o,624
replaypc-0.4.0.preproc,dump-filedarray.o,824
replaypc-0.4.0.preproc,dump-guide.o,973
replaypc-0.4.0.preproc,dump-headend.o,597
replaypc-0.4.0.preproc,dump-programset.o,1005
replaypc-0.4.0.preproc,dump-replaychannels.o,531
replaypc-0.4.0.preproc,dump-replayshows.o,526
replaypc-0.4.0.preproc,dump-zipcode2.o,526
replaypc-0.4.0.preproc,dump.o,2649
replaypc-0.4.0.preproc,filedarray.o,434
replaypc-0.4.0.preproc,find-GOPs.o,518
replaypc-0.4.0.preproc,guide.o,10278
replaypc-0.4.0.preproc,guideclient.o,1230
replaypc-0.4.0.preproc,headend.o,1386
replaypc-0.4.0.preproc,httpclient.o,4659
replaypc-0.4.0.preproc,httpfs.o,9409
replaypc-0.4.0.preproc,httpfsclient.o,3904
replaypc-0.4.0.preproc,mark-commercial.o,2768
replaypc-0.4.0.preproc,ndx-dump.o,5679
replaypc-0.4.0.preproc,ndx.o,913
replaypc-0.4.0.preproc,program.o,2993
replaypc-0.4.0.preproc,rddns.o,948
replaypc-0.4.0.preproc,rddnsclient.o,1870
replaypc-0.4.0.preproc,rtv.o,1810
replaypc-0.4.0.preproc,rtvguide.o,2019
replaypc-0.4.0.preproc,sleep.o,90
replaypc-0.4.0.preproc,un-protect.o,1654
replaypc-0.4.0.preproc,version-test.o,279
replaypc-0.4.0.preproc,zipcode.o,611
OpenTCP-1.0.4,arp.c.obj,1720
OpenTCP-1.0.4,bootp.c.obj,1008
OpenTCP-1.0.4,dhcpc.c.obj,1896
OpenTCP-1.0.4,dns.c.obj,1092
OpenTCP-1.0.4,ethernet.c.obj,1944
OpenTCP-1.0.4,http_server.c.obj,1276
OpenTCP-1.0.4,https_callbacks.c.obj,616
OpenTCP-1.0.4,icmp.c.obj,276
OpenTCP-1.0.4,ip.c.obj,1318
OpenTCP-1.0.4,main_demo.c.obj,224
OpenTCP-1.0.4,pop3_client.c.obj,2816
OpenTCP-1.0.4,pop3c_callbacks.c.obj,78
OpenTCP-1.0.4,smtp_client.c.obj,1688
OpenTCP-1.0.4,smtpc_callbacks.c.obj,90
OpenTCP-1.0.4,system.c.obj,1008
OpenTCP-1.0.4,tcp.c.obj,4212
OpenTCP-1.0.4,tcp_client_demo.c.obj,316
OpenTCP-1.0.4,tcp_server_demo.c.obj,292
OpenTCP-1.0.4,tftps.c.obj,708
OpenTCP-1.0.4,timers.c.obj,252
OpenTCP-1.0.4,udp.c.obj,1148
OpenTCP-1.0.4,udp_demo.c.obj,236
bzip2-1.0.2,blocksort.c.obj,5552
bzip2-1.0.2,bzip2.c.obj,14988
bzip2-1.0.2,bzip2recover.c.obj,2958
bzip2-1.0.2,bzlib.c.obj,8724
bzip2-1.0.2,compress.c.obj,6557
bzip2-1.0.2,crctable.c.obj,0
bzip2-1.0.2,decompress.c.obj,7052
bzip2-1.0.2,huffman.c.obj,836
bzip2-1.0.2,randtable.c.obj,0
mpeg2dec-0.3.1,alloc.c.obj,108
mpeg2dec-0.3.1,cpu_accel.c.obj,12
mpeg2dec-0.3.1,cpu_state.c.obj,10
mpeg2dec-0.3.1,decode.c.obj,1802
mpeg2dec-0.3.1,extract_mpeg2.c.obj,2582
mpeg2dec-0.3.1,getopt.c.obj,0
mpeg2dec-0.3.1,gettimeofday.c.obj,0
mpeg2dec-0.3.1,header.c.obj,3180
mpeg2dec-0.3.1,idct.c.obj,1224
mpeg2dec-0.3.1,idct_alpha.c.obj,0
mpeg2dec-0.3.1,idct_altivec.c.obj,0
mpeg2dec-0.3.1,idct_mlib.c.obj,0
mpeg2dec-0.3.1,idct_mmx.c.obj,0
mpeg2dec-0.3.1,motion_comp.c.obj,5524
mpeg2dec-0.3.1,motion_comp_alpha.c.obj,0
mpeg2dec-0.3.1,motion_comp_altivec.c.obj,0
mpeg2dec-0.3.1,motion_comp_mlib.c.obj,0
mpeg2dec-0.3.1,motion_comp_mmx.c.obj,0
mpeg2dec-0.3.1,mpeg2dec.c.obj,3709
mpeg2dec-0.3.1,slice.c.obj,14210
mpeg2dec-0.3.1,video_out.c.obj,74
mpeg2dec-0.3.1,video_out_dx.c.obj,0
mpeg2dec-0.3.1,video_out_null.c.obj,268
mpeg2dec-0.3.1,video_out_pgm.c.obj,470
mpeg2dec-0.3.1,video_out_sdl.c.obj,695
mpeg2dec-0.3.1,video_out_x11.c.obj,0
mpeg2dec-0.3.1,yuv2rgb.c.obj,3756
mpeg2dec-0.3.1,yuv2rgb_mlib.c.obj,0
mpeg2dec-0.3.1,yuv2rgb_mmx.c.obj,0
jikespg-1.3,ctabs.c.obj,42968
jikespg-1.3,globals.c.obj,48
jikespg-1.3,lpgparse.c.obj,36741
jikespg-1.3,lpgutil.c.obj,3871
jikespg-1.3,main.c.obj,5465
jikespg-1.3,mkfirst.c.obj,11517
jikespg-1.3,mkred.c.obj,5586
jikespg-1.3,mkstates.c.obj,2271
jikespg-1.3,partset.c.obj,1248
jikespg-1.3,prntstat.c.obj,2692
jikespg-1.3,produce.c.obj,8657
jikespg-1.3,ptables.c.obj,2631
jikespg-1.3,remsp.c.obj,6073
jikespg-1.3,resolve.c.obj,9697
jikespg-1.3,spacetab.c.obj,16135
jikespg-1.3,tabutil.c.obj,10256
jikespg-1.3,timetab.c.obj,7686
libmspack,cabc.c.obj,22
libmspack,cabd.c.obj,5290
libmspack,cabd_md5.c.obj,1142
libmspack,cabd_test.c.obj,9219
libmspack,cabextract_md5.c.obj,21588
libmspack,cabrip.c.obj,422
libmspack,chmc.c.obj,22
libmspack,chmd.c.obj,3609
libmspack,chmd_md5.c.obj,1039
libmspack,hlpc.c.obj,22
libmspack,hlpd.c.obj,22
libmspack,kwajc.c.obj,22
libmspack,kwajd.c.obj,22
libmspack,litc.c.obj,22
libmspack,litd.c.obj,22
libmspack,lzxc.c.obj,0
libmspack,lzxd.c.obj,6200
libmspack,md5.c.obj,2680
libmspack,mszipc.c.obj,0
libmspack,mszipd.c.obj,42
libmspack,qtmc.c.obj,0
libmspack,qtmd.c.obj,4380
libmspack,system.c.obj,581
libmspack,szddc.c.obj,22
libmspack,szddd.c.obj,22
compiler,cg.c.obj,2271
compiler,main.c.obj,2060
compiler,parser.c.obj,4048
compiler,scanner.c.obj,2973
compiler,vam.c.obj,3348
compiler,vas.c.obj,5322
teem-1.6.0-src,1op.c.obj,1525
teem-1.6.0-src,2op.c.obj,2032
teem-1.6.0-src,3op.c.obj,2131
teem-1.6.0-src,754.c.obj,1516
teem-1.6.0-src,about.c.obj,2689
teem-1.6.0-src,accessors.c.obj,7549
teem-1.6.0-src,aniso.c.obj,3381
teem-1.6.0-src,apply1D.c.obj,7624
teem-1.6.0-src,arith.c.obj,5888
teem-1.6.0-src,array.c.obj,562
teem-1.6.0-src,arraysNrrd.c.obj,0
teem-1.6.0-src,ax.c.obj,2735
teem-1.6.0-src,axdelete.c.obj,1221
teem-1.6.0-src,axinfo.c.obj,1277
teem-1.6.0-src,axinsert.c.obj,988
teem-1.6.0-src,axis.c.obj,2980
teem-1.6.0-src,axmerge.c.obj,1205
teem-1.6.0-src,axsplit.c.obj,1024
teem-1.6.0-src,bday.c.obj,984
teem-1.6.0-src,biff.c.obj,2189
teem-1.6.0-src,bimod.c.obj,6269
teem-1.6.0-src,block.c.obj,1001
teem-1.6.0-src,bounds.c.obj,9624
teem-1.6.0-src,bow.c.obj,604
teem-1.6.0-src,cam.c.obj,5187
teem-1.6.0-src,cc.c.obj,10124
teem-1.6.0-src,ccadj.c.obj,1071
teem-1.6.0-src,ccfind.c.obj,1562
teem-1.6.0-src,ccmerge.c.obj,2435
teem-1.6.0-src,ccmethods.c.obj,1088
teem-1.6.0-src,ccsettle.c.obj,902
teem-1.6.0-src,chan.c.obj,8518
teem-1.6.0-src,clip.c.obj,693
teem-1.6.0-src,cmedian.c.obj,2316
teem-1.6.0-src,color.c.obj,7994
teem-1.6.0-src,comment.c.obj,418
teem-1.6.0-src,conv.c.obj,356
teem-1.6.0-src,convert.c.obj,1055
teem-1.6.0-src,convertDye.c.obj,3004
teem-1.6.0-src,convertNrrd.c.obj,4328
teem-1.6.0-src,convo.c.obj,1673
teem-1.6.0-src,coreAlan.c.obj,3639
teem-1.6.0-src,crop.c.obj,1266
teem-1.6.0-src,ctx.c.obj,4260
teem-1.6.0-src,cubicEll.c.obj,2248
teem-1.6.0-src,data.c.obj,1178
teem-1.6.0-src,defaultsBane.c.obj,5
teem-1.6.0-src,defaultsGage.c.obj,5
teem-1.6.0-src,defaultsHest.c.obj,0
teem-1.6.0-src,defaultsHoover.c.obj,7
teem-1.6.0-src,defaultsLimn.c.obj,5
teem-1.6.0-src,defaultsMite.c.obj,5
teem-1.6.0-src,defaultsMoss.c.obj,5
teem-1.6.0-src,defaultsNrrd.c.obj,555
teem-1.6.0-src,defaultsTen.c.obj,16
teem-1.6.0-src,dehex.c.obj,711
teem-1.6.0-src,dhisto.c.obj,1194
teem-1.6.0-src,dice.c.obj,1621
teem-1.6.0-src,dio.c.obj,1890
teem-1.6.0-src,doubleprint.c.obj,594
teem-1.6.0-src,eigen.c.obj,5456
teem-1.6.0-src,encoding.c.obj,656
teem-1.6.0-src,encodingAscii.c.obj,1419
teem-1.6.0-src,encodingBzip2.c.obj,561
teem-1.6.0-src,encodingGzip.c.obj,622
teem-1.6.0-src,encodingHex.c.obj,1509
teem-1.6.0-src,encodingRaw.c.obj,1817
teem-1.6.0-src,endianAir.c.obj,4
teem-1.6.0-src,endianNrrd.c.obj,332
teem-1.6.0-src,enhex.c.obj,659
teem-1.6.0-src,enum.c.obj,736
teem-1.6.0-src,enumsAlan.c.obj,0
teem-1.6.0-src,enumsEcho.c.obj,0
teem-1.6.0-src,enumsNrrd.c.obj,0
teem-1.6.0-src,enumsTen.c.obj,0
teem-1.6.0-src,env.c.obj,1060
teem-1.6.0-src,epireg.c.obj,13142
teem-1.6.0-src,ex0.c.obj,504
teem-1.6.0-src,ex1.c.obj,1116
teem-1.6.0-src,ex2.c.obj,857
teem-1.6.0-src,ex3.c.obj,1369
teem-1.6.0-src,ex4.c.obj,971
teem-1.6.0-src,ex5.c.obj,678
teem-1.6.0-src,fiber.c.obj,4877
teem-1.6.0-src,fiberMethods.c.obj,2570
teem-1.6.0-src,filt.c.obj,5392
teem-1.6.0-src,filter.c.obj,2978
teem-1.6.0-src,flip.c.obj,719
teem-1.6.0-src,floatprint.c.obj,594
teem-1.6.0-src,flotsam.c.obj,2346
teem-1.6.0-src,format.c.obj,680
teem-1.6.0-src,formatEPS.c.obj,2406
teem-1.6.0-src,formatNRRD.c.obj,3409
teem-1.6.0-src,formatPNG.c.obj,707
teem-1.6.0-src,formatPNM.c.obj,2825
teem-1.6.0-src,formatText.c.obj,2505
teem-1.6.0-src,formatVTK.c.obj,5414
teem-1.6.0-src,fp.c.obj,1559
teem-1.6.0-src,gamma.c.obj,1219
teem-1.6.0-src,genmat.c.obj,3173
teem-1.6.0-src,genvol.c.obj,1629
teem-1.6.0-src,gkmsFlotsam.c.obj,1940
teem-1.6.0-src,gkmsHvol.c.obj,2657
teem-1.6.0-src,gkmsInfo.c.obj,1210
teem-1.6.0-src,gkmsMite.c.obj,1087
teem-1.6.0-src,gkmsOpac.c.obj,3009
teem-1.6.0-src,gkmsPvg.c.obj,2511
teem-1.6.0-src,gkmsScat.c.obj,1421
teem-1.6.0-src,gkmsTxf.c.obj,3078
teem-1.6.0-src,glyph.c.obj,5108
teem-1.6.0-src,gzio.c.obj,0
teem-1.6.0-src,head.c.obj,1265
teem-1.6.0-src,heq.c.obj,1900
teem-1.6.0-src,hestLimn.c.obj,909
teem-1.6.0-src,hestMoss.c.obj,1037
teem-1.6.0-src,hestNrrd.c.obj,986
teem-1.6.0-src,histax.c.obj,1170
teem-1.6.0-src,histo.c.obj,1365
teem-1.6.0-src,histogram.c.obj,5915
teem-1.6.0-src,hvol.c.obj,6705
teem-1.6.0-src,imap.c.obj,2264
teem-1.6.0-src,inc.c.obj,3286
teem-1.6.0-src,inset.c.obj,1222
teem-1.6.0-src,intx.c.obj,15351
teem-1.6.0-src,invert.c.obj,603
teem-1.6.0-src,io.c.obj,824
teem-1.6.0-src,iter.c.obj,644
teem-1.6.0-src,jhisto.c.obj,2429
teem-1.6.0-src,join.c.obj,1348
teem-1.6.0-src,kernel.c.obj,25275
teem-1.6.0-src,keyvalue.c.obj,764
teem-1.6.0-src,kv.c.obj,340
teem-1.6.0-src,light.c.obj,424
teem-1.6.0-src,lightEcho.c.obj,832
teem-1.6.0-src,list.c.obj,1446
teem-1.6.0-src,lut.c.obj,1926
teem-1.6.0-src,make.c.obj,6183
teem-1.6.0-src,map.c.obj,316
teem-1.6.0-src,mat.c.obj,22994
teem-1.6.0-src,matter.c.obj,404
teem-1.6.0-src,measr.c.obj,296
teem-1.6.0-src,measure.c.obj,9867
teem-1.6.0-src,methodsAlan.c.obj,2036
teem-1.6.0-src,methodsBane.c.obj,592
teem-1.6.0-src,methodsDye.c.obj,1136
teem-1.6.0-src,methodsEcho.c.obj,541
teem-1.6.0-src,methodsHest.c.obj,2137
teem-1.6.0-src,methodsHoover.c.obj,1596
teem-1.6.0-src,methodsLimn.c.obj,286
teem-1.6.0-src,methodsMoss.c.obj,996
teem-1.6.0-src,methodsNrrd.c.obj,3846
teem-1.6.0-src,minmax.c.obj,292
teem-1.6.0-src,miscAir.c.obj,4272
teem-1.6.0-src,miscEll.c.obj,1255
teem-1.6.0-src,miscGage.c.obj,592
teem-1.6.0-src,miscTen.c.obj,3350
teem-1.6.0-src,mod.c.obj,2895
teem-1.6.0-src,model.c.obj,1332
teem-1.6.0-src,mop.c.obj,1041
teem-1.6.0-src,obj.c.obj,784
teem-1.6.0-src,objmethods.c.obj,972
teem-1.6.0-src,opac.c.obj,428
teem-1.6.0-src,pad.c.obj,1608
teem-1.6.0-src,parseAir.c.obj,1318
teem-1.6.0-src,parseHest.c.obj,11310
teem-1.6.0-src,parseNrrd.c.obj,5770
teem-1.6.0-src,permute.c.obj,913
teem-1.6.0-src,pos.c.obj,500
teem-1.6.0-src,print.c.obj,5928
teem-1.6.0-src,project.c.obj,1742
teem-1.6.0-src,pvl.c.obj,1349
teem-1.6.0-src,qn.c.obj,2744
teem-1.6.0-src,quadvol.c.obj,1676
teem-1.6.0-src,quantize.c.obj,1498
teem-1.6.0-src,quat.c.obj,15260
teem-1.6.0-src,range.c.obj,696
teem-1.6.0-src,rangeBane.c.obj,1111
teem-1.6.0-src,ray.c.obj,4532
teem-1.6.0-src,rays.c.obj,3792
teem-1.6.0-src,read.c.obj,2554
teem-1.6.0-src,renderEcho.c.obj,4812
teem-1.6.0-src,renderLimn.c.obj,3042
teem-1.6.0-src,renderMite.c.obj,1090
teem-1.6.0-src,reorder.c.obj,8026
teem-1.6.0-src,resample.c.obj,3258
teem-1.6.0-src,resampleNrrd.c.obj,5989
teem-1.6.0-src,reshape.c.obj,894
teem-1.6.0-src,rmap.c.obj,2363
teem-1.6.0-src,sampler.c.obj,2238
teem-1.6.0-src,sane.c.obj,3031
teem-1.6.0-src,save.c.obj,2656
teem-1.6.0-src,scat.c.obj,662
teem-1.6.0-src,scl.c.obj,0
teem-1.6.0-src,sclanswer.c.obj,6369
teem-1.6.0-src,sclfilter.c.obj,6652
teem-1.6.0-src,sclprint.c.obj,1003
teem-1.6.0-src,set.c.obj,1164
teem-1.6.0-src,shape.c.obj,3389
teem-1.6.0-src,shapes.c.obj,4180
teem-1.6.0-src,shuffle.c.obj,1485
teem-1.6.0-src,sigma.c.obj,144
teem-1.6.0-src,simple.c.obj,4141
teem-1.6.0-src,slice.c.obj,1114
teem-1.6.0-src,soid.c.obj,3253
teem-1.6.0-src,sort3.c.obj,684
teem-1.6.0-src,splice.c.obj,1246
teem-1.6.0-src,splineEval.c.obj,6207
teem-1.6.0-src,splineMethods.c.obj,4344
teem-1.6.0-src,splineMisc.c.obj,2239
teem-1.6.0-src,sqd.c.obj,8474
teem-1.6.0-src,st.c.obj,2844
teem-1.6.0-src,string.c.obj,988
teem-1.6.0-src,strings.c.obj,1091
teem-1.6.0-src,stub.c.obj,116
teem-1.6.0-src,subset.c.obj,2314
teem-1.6.0-src,superset.c.obj,4083
teem-1.6.0-src,swap.c.obj,762
teem-1.6.0-src,tbc.c.obj,1628
teem-1.6.0-src,tblah.c.obj,1108
teem-1.6.0-src,tcam.c.obj,1191
teem-1.6.0-src,tcamanim.c.obj,3162
teem-1.6.0-src,tem.c.obj,999
teem-1.6.0-src,tenGage.c.obj,2716
teem-1.6.0-src,tendAnhist.c.obj,1057
teem-1.6.0-src,tendAnplot.c.obj,1550
teem-1.6.0-src,tendAnscale.c.obj,1289
teem-1.6.0-src,tendAnvol.c.obj,1399
teem-1.6.0-src,tendBmat.c.obj,1249
teem-1.6.0-src,tendEllipse.c.obj,2466
teem-1.6.0-src,tendEpireg.c.obj,4300
teem-1.6.0-src,tendEstim.c.obj,3636
teem-1.6.0-src,tendEval.c.obj,1527
teem-1.6.0-src,tendEvaladd.c.obj,896
teem-1.6.0-src,tendEvalclamp.c.obj,1175
teem-1.6.0-src,tendEvalpow.c.obj,811
teem-1.6.0-src,tendEvec.c.obj,1549
teem-1.6.0-src,tendEvecrgb.c.obj,1778
teem-1.6.0-src,tendEvq.c.obj,2087
teem-1.6.0-src,tendExpand.c.obj,1342
teem-1.6.0-src,tendFiber.c.obj,2429
teem-1.6.0-src,tendFlotsam.c.obj,1151
teem-1.6.0-src,tendGlyph.c.obj,6377
teem-1.6.0-src,tendMake.c.obj,879
teem-1.6.0-src,tendNorm.c.obj,1180
teem-1.6.0-src,tendPoint.c.obj,1629
teem-1.6.0-src,tendSatin.c.obj,5352
teem-1.6.0-src,tendShrink.c.obj,862
teem-1.6.0-src,tendSim.c.obj,1261
teem-1.6.0-src,tendSlice.c.obj,906
teem-1.6.0-src,tendSten.c.obj,1222
teem-1.6.0-src,tensor.c.obj,6354
teem-1.6.0-src,test.c.obj,896
teem-1.6.0-src,tg.c.obj,2626
teem-1.6.0-src,thread.c.obj,284
teem-1.6.0-src,threadAir.c.obj,1051
teem-1.6.0-src,tinfo.c.obj,491
teem-1.6.0-src,tkernel.c.obj,1889
teem-1.6.0-src,tline.c.obj,392
teem-1.6.0-src,tmfKernel.c.obj,194625
teem-1.6.0-src,tmop.c.obj,576
teem-1.6.0-src,tok.c.obj,252
teem-1.6.0-src,tps.c.obj,2356
teem-1.6.0-src,tq.c.obj,4142
teem-1.6.0-src,trand.c.obj,172
teem-1.6.0-src,transform.c.obj,2651
teem-1.6.0-src,tread.c.obj,260
teem-1.6.0-src,trend.c.obj,7372
teem-1.6.0-src,trex.c.obj,312
teem-1.6.0-src,trnsf.c.obj,4244
teem-1.6.0-src,tspline.c.obj,1934
teem-1.6.0-src,tspot.c.obj,914
teem-1.6.0-src,tt.c.obj,3043
teem-1.6.0-src,txf.c.obj,3296
teem-1.6.0-src,typestest.c.obj,392
teem-1.6.0-src,unblock.c.obj,1010
teem-1.6.0-src,unquantize.c.obj,1039
teem-1.6.0-src,update.c.obj,4526
teem-1.6.0-src,usage.c.obj,2639
teem-1.6.0-src,user.c.obj,846
teem-1.6.0-src,valid.c.obj,2392
teem-1.6.0-src,vecEll.c.obj,1768
teem-1.6.0-src,vecGage.c.obj,2624
teem-1.6.0-src,vecprint.c.obj,56
teem-1.6.0-src,winKernel.c.obj,21616
teem-1.6.0-src,write.c.obj,3953
teem-1.6.0-src,xform.c.obj,3305
ttt-0.10.1.preproc,connect4.o,7569
ttt-0.10.1.preproc,engine.o,3992
ttt-0.10.1.preproc,main.o,1907
ttt-0.10.1.preproc,parse.o,2646
ttt-0.10.1.preproc,ttt.o,10373
ttt-0.10.1.preproc,util.o,2501
unrarlib-0.4.0,getfile.c.obj,690
unrarlib-0.4.0,listarchive.c.obj,883
unrarlib-0.4.0,unrarlib.c.obj,9910
libpng-1.2.5,png.c.obj,2484
libpng-1.2.5,png2pnm.c.obj,2325
libpng-1.2.5,pngerror.c.obj,798
libpng-1.2.5,pngget.c.obj,2452
libpng-1.2.5,pngmem.c.obj,464
libpng-1.2.5,pngpread.c.obj,5779
libpng-1.2.5,pngread.c.obj,7157
libpng-1.2.5,pngrio.c.obj,305
libpng-1.2.5,pngrtran.c.obj,15674
libpng-1.2.5,pngrutil.c.obj,13537
libpng-1.2.5,pngset.c.obj,5722
libpng-1.2.5,pngtest.c.obj,5280
libpng-1.2.5,pngtrans.c.obj,1916
libpng-1.2.5,pngwio.c.obj,348
libpng-1.2.5,pngwrite.c.obj,5627
libpng-1.2.5,pngwtran.c.obj,1374
libpng-1.2.5,pngwutil.c.obj,11099
libpng-1.2.5,pnm2png.c.obj,2508
flex-2.5.31,buf.c.obj,831
flex-2.5.31,ccl.c.obj,734
flex-2.5.31,dfa.c.obj,5593
flex-2.5.31,ecs.c.obj,484
flex-2.5.31,filter.c.obj,1813
flex-2.5.31,gen.c.obj,20623
flex-2.5.31,libmain.c.obj,24
flex-2.5.31,libyywrap.c.obj,12
flex-2.5.31,main.c.obj,15326
flex-2.5.31,misc.c.obj,4841
flex-2.5.31,nfa.c.obj,3165
flex-2.5.31,options.c.obj,1230
flex-2.5.31,parse.c.obj,8043
flex-2.5.31,regex.c.obj,508
flex-2.5.31,scan.c.obj,36925
flex-2.5.31,scanopt.c.obj,2735
flex-2.5.31,skel.c.obj,79802
flex-2.5.31,sym.c.obj,798
flex-2.5.31,tables.c.obj,1699
flex-2.5.31,tables_shared.c.obj,34
flex-2.5.31,tblcmp.c.obj,2964
flex-2.5.31,yylex.c.obj,608
cg_compiler_opensrc,atom.c.obj,3132
cg_compiler_opensrc,binding.c.obj,1347
cg_compiler_opensrc,cgcmain.c.obj,2033
cg_compiler_opensrc,cgstruct.c.obj,96
cg_compiler_opensrc,check.c.obj,2938
cg_compiler_opensrc,compile.c.obj,10850
cg_compiler_opensrc,constfold.c.obj,3074
cg_compiler_opensrc,cpp.c.obj,5384
cg_compiler_opensrc,generic_hal.c.obj,1468
cg_compiler_opensrc,hal.c.obj,2207
cg_compiler_opensrc,inline.c.obj,2412
cg_compiler_opensrc,memory.c.obj,450
cg_compiler_opensrc,parser.c.obj,12424
cg_compiler_opensrc,printutils.c.obj,8337
cg_compiler_opensrc,scanner.c.obj,5303
cg_compiler_opensrc,semantic.c.obj,3534
cg_compiler_opensrc,stdlib.c.obj,10
cg_compiler_opensrc,support.c.obj,20236
cg_compiler_opensrc,support_iter.c.obj,2126
cg_compiler_opensrc,symbols.c.obj,5651
cg_compiler_opensrc,tokenize.c.obj,749
cg_compiler_opensrc,tokens.c.obj,2496
lwip-0.5.3.preproc,api_lib.o,5147
lwip-0.5.3.preproc,api_msg.o,4332
lwip-0.5.3.preproc,arp.o,2424
lwip-0.5.3.preproc,err.o,0
lwip-0.5.3.preproc,fs.o,40271
lwip-0.5.3.preproc,httpd.o,1614
lwip-0.5.3.preproc,icmp.o,1693
lwip-0.5.3.preproc,inet.o,946
lwip-0.5.3.preproc,ip.o,2968
lwip-0.5.3.preproc,ip_addr.o,0
lwip-0.5.3.preproc,loopif.o,313
lwip-0.5.3.preproc,mem.o,2133
lwip-0.5.3.preproc,memp.o,2054
lwip-0.5.3.preproc,netif.o,798
lwip-0.5.3.preproc,pbuf.o,3367
lwip-0.5.3.preproc,shell.o,12497
lwip-0.5.3.preproc,simhost.o,722
lwip-0.5.3.preproc,simnode.o,659
lwip-0.5.3.preproc,simrouter.o,844
lwip-0.5.3.preproc,sockets.o,2686
lwip-0.5.3.preproc,stats.o,78
lwip-0.5.3.preproc,sys.o,1044
lwip-0.5.3.preproc,tcp.o,6733
lwip-0.5.3.preproc,tcp_input.o,10939
lwip-0.5.3.preproc,tcp_output.o,5832
lwip-0.5.3.preproc,tcpdump.o,1993
lwip-0.5.3.preproc,tcpecho.o,332
lwip-0.5.3.preproc,tcpip.o,706
lwip-0.5.3.preproc,udp.o,2607
lwip-0.5.3.preproc,udpecho.o,394
