Compiler version,clang version 8.0.0 (trunk 343057)
Compiler flags,-Os

Date,2018-09-26
Revision,343057

mpgcut-1.1,mpgcut.c.o,12298
jpeg-6b,ansi2knr.c.o,3326
jpeg-6b,cdjpeg.c.o,275
jpeg-6b,cjpeg.c.o,6390
jpeg-6b,ckconfig.c.o,2578
jpeg-6b,djpeg.c.o,6937
jpeg-6b,jcapimin.c.o,1217
jpeg-6b,jcapistd.c.o,675
jpeg-6b,jccoefct.c.o,2660
jpeg-6b,jccolor.c.o,1895
jpeg-6b,jcdctmgr.c.o,1952
jpeg-6b,jchuff.c.o,5793
jpeg-6b,jcinit.c.o,239
jpeg-6b,jcmainct.c.o,625
jpeg-6b,jcmarker.c.o,3091
jpeg-6b,jcmaster.c.o,3498
jpeg-6b,jcomapi.c.o,272
jpeg-6b,jcparam.c.o,4110
jpeg-6b,jcphuff.c.o,6737
jpeg-6b,jcprepct.c.o,2092
jpeg-6b,jcsample.c.o,3259
jpeg-6b,jctrans.c.o,1971
jpeg-6b,jdapimin.c.o,1589
jpeg-6b,jdapistd.c.o,1319
jpeg-6b,jdatadst.c.o,508
jpeg-6b,jdatasrc.c.o,522
jpeg-6b,jdcoefct.c.o,4862
jpeg-6b,jdcolor.c.o,1720
jpeg-6b,jddctmgr.c.o,1059
jpeg-6b,jdhuff.c.o,3256
jpeg-6b,jdinput.c.o,1792
jpeg-6b,jdmainct.c.o,2151
jpeg-6b,jdmarker.c.o,8357
jpeg-6b,jdmaster.c.o,2449
jpeg-6b,jdmerge.c.o,1960
jpeg-6b,jdphuff.c.o,3809
jpeg-6b,jdpostct.c.o,1206
jpeg-6b,jdsample.c.o,2480
jpeg-6b,jdtrans.c.o,496
jpeg-6b,jerror.c.o,6242
jpeg-6b,jfdctflt.c.o,981
jpeg-6b,jfdctfst.c.o,1210
jpeg-6b,jfdctint.c.o,855
jpeg-6b,jidctflt.c.o,1184
jpeg-6b,jidctfst.c.o,1083
jpeg-6b,jidctint.c.o,1352
jpeg-6b,jidctred.c.o,1499
jpeg-6b,jmemmgr.c.o,4849
jpeg-6b,jmemnobs.c.o,236
jpeg-6b,jpegtran.c.o,4436
jpeg-6b,jquant1.c.o,4016
jpeg-6b,jquant2.c.o,5683
jpeg-6b,jutils.c.o,623
jpeg-6b,rdbmp.c.o,2947
jpeg-6b,rdcolmap.c.o,1314
jpeg-6b,rdgif.c.o,139
jpeg-6b,rdjpgcom.c.o,2660
jpeg-6b,rdppm.c.o,2492
jpeg-6b,rdrle.c.o,0
jpeg-6b,rdswitch.c.o,2715
jpeg-6b,rdtarga.c.o,2425
jpeg-6b,transupp.c.o,5867
jpeg-6b,wrbmp.c.o,2254
jpeg-6b,wrgif.c.o,1849
jpeg-6b,wrjpgcom.c.o,3511
jpeg-6b,wrppm.c.o,889
jpeg-6b,wrrle.c.o,0
jpeg-6b,wrtarga.c.o,1160
zlib-1.1.4,adler32.c.o,465
zlib-1.1.4,compress.c.o,256
zlib-1.1.4,crc32.c.o,2421
zlib-1.1.4,deflate.c.o,7395
zlib-1.1.4,example.c.o,5145
zlib-1.1.4,gzio.c.o,5088
zlib-1.1.4,infblock.c.o,4661
zlib-1.1.4,infcodes.c.o,2438
zlib-1.1.4,inffast.c.o,1421
zlib-1.1.4,inflate.c.o,2317
zlib-1.1.4,inftrees.c.o,2756
zlib-1.1.4,infutil.c.o,382
zlib-1.1.4,minigzip.c.o,1635
zlib-1.1.4,trees.c.o,9899
zlib-1.1.4,uncompr.c.o,224
zlib-1.1.4,zutil.c.o,268
replaypc-0.4.0.preproc,ReplayPC.o,6092
replaypc-0.4.0.preproc,addressbook.o,1183
replaypc-0.4.0.preproc,bigfile.o,681
replaypc-0.4.0.preproc,build-ndx.o,1000
replaypc-0.4.0.preproc,cg.o,3613
replaypc-0.4.0.preproc,channelset.o,385
replaypc-0.4.0.preproc,crypt-test.o,2398
replaypc-0.4.0.preproc,crypt.o,1496
replaypc-0.4.0.preproc,dump-addressbook.o,788
replaypc-0.4.0.preproc,dump-cg2.o,734
replaypc-0.4.0.preproc,dump-channelset.o,624
replaypc-0.4.0.preproc,dump-filedarray.o,824
replaypc-0.4.0.preproc,dump-guide.o,973
replaypc-0.4.0.preproc,dump-headend.o,597
replaypc-0.4.0.preproc,dump-programset.o,1005
replaypc-0.4.0.preproc,dump-replaychannels.o,531
replaypc-0.4.0.preproc,dump-replayshows.o,526
replaypc-0.4.0.preproc,dump-zipcode2.o,526
replaypc-0.4.0.preproc,dump.o,2649
replaypc-0.4.0.preproc,filedarray.o,434
replaypc-0.4.0.preproc,find-GOPs.o,518
replaypc-0.4.0.preproc,guide.o,10278
replaypc-0.4.0.preproc,guideclient.o,1230
replaypc-0.4.0.preproc,headend.o,1386
replaypc-0.4.0.preproc,httpclient.o,4659
replaypc-0.4.0.preproc,httpfs.o,9409
replaypc-0.4.0.preproc,httpfsclient.o,3904
replaypc-0.4.0.preproc,mark-commercial.o,2768
replaypc-0.4.0.preproc,ndx-dump.o,5679
replaypc-0.4.0.preproc,ndx.o,913
replaypc-0.4.0.preproc,program.o,2993
replaypc-0.4.0.preproc,rddns.o,948
replaypc-0.4.0.preproc,rddnsclient.o,1870
replaypc-0.4.0.preproc,rtv.o,1810
replaypc-0.4.0.preproc,rtvguide.o,2019
replaypc-0.4.0.preproc,sleep.o,90
replaypc-0.4.0.preproc,un-protect.o,1654
replaypc-0.4.0.preproc,version-test.o,279
replaypc-0.4.0.preproc,zipcode.o,611
OpenTCP-1.0.4,arp.c.o,2625
OpenTCP-1.0.4,bootp.c.o,883
OpenTCP-1.0.4,dhcpc.c.o,1735
OpenTCP-1.0.4,dns.c.o,1551
OpenTCP-1.0.4,ethernet.c.o,1626
OpenTCP-1.0.4,http_server.c.o,1964
OpenTCP-1.0.4,https_callbacks.c.o,810
OpenTCP-1.0.4,icmp.c.o,502
OpenTCP-1.0.4,ip.c.o,3135
OpenTCP-1.0.4,main_demo.c.o,335
OpenTCP-1.0.4,pop3_client.c.o,5160
OpenTCP-1.0.4,pop3c_callbacks.c.o,179
OpenTCP-1.0.4,smtp_client.c.o,3145
OpenTCP-1.0.4,smtpc_callbacks.c.o,192
OpenTCP-1.0.4,system.c.o,1241
OpenTCP-1.0.4,tcp.c.o,7645
OpenTCP-1.0.4,tcp_client_demo.c.o,681
OpenTCP-1.0.4,tcp_server_demo.c.o,681
OpenTCP-1.0.4,tftps.c.o,1096
OpenTCP-1.0.4,timers.c.o,384
OpenTCP-1.0.4,udp.c.o,1782
OpenTCP-1.0.4,udp_demo.c.o,339
bzip2-1.0.2,blocksort.c.o,7129
bzip2-1.0.2,bzip2.c.o,18658
bzip2-1.0.2,bzip2recover.c.o,4176
bzip2-1.0.2,bzlib.c.o,12832
bzip2-1.0.2,compress.c.o,15555
bzip2-1.0.2,crctable.c.o,0
bzip2-1.0.2,decompress.c.o,15404
bzip2-1.0.2,huffman.c.o,1453
bzip2-1.0.2,randtable.c.o,0
mpeg2dec-0.3.1,alloc.c.o,195
mpeg2dec-0.3.1,cpu_accel.c.o,51
mpeg2dec-0.3.1,cpu_state.c.o,49
mpeg2dec-0.3.1,decode.c.o,3722
mpeg2dec-0.3.1,extract_mpeg2.c.o,4037
mpeg2dec-0.3.1,getopt.c.o,0
mpeg2dec-0.3.1,gettimeofday.c.o,0
mpeg2dec-0.3.1,header.c.o,5028
mpeg2dec-0.3.1,idct.c.o,5668
mpeg2dec-0.3.1,idct_alpha.c.o,0
mpeg2dec-0.3.1,idct_altivec.c.o,0
mpeg2dec-0.3.1,idct_mlib.c.o,0
mpeg2dec-0.3.1,idct_mmx.c.o,0
mpeg2dec-0.3.1,motion_comp.c.o,6359
mpeg2dec-0.3.1,motion_comp_alpha.c.o,0
mpeg2dec-0.3.1,motion_comp_altivec.c.o,0
mpeg2dec-0.3.1,motion_comp_mlib.c.o,0
mpeg2dec-0.3.1,motion_comp_mmx.c.o,0
mpeg2dec-0.3.1,mpeg2dec.c.o,5617
mpeg2dec-0.3.1,slice.c.o,26495
mpeg2dec-0.3.1,video_out.c.o,112
mpeg2dec-0.3.1,video_out_dx.c.o,0
mpeg2dec-0.3.1,video_out_null.c.o,586
mpeg2dec-0.3.1,video_out_pgm.c.o,935
mpeg2dec-0.3.1,video_out_sdl.c.o,1064
mpeg2dec-0.3.1,video_out_x11.c.o,0
mpeg2dec-0.3.1,yuv2rgb.c.o,5229
mpeg2dec-0.3.1,yuv2rgb_mlib.c.o,0
mpeg2dec-0.3.1,yuv2rgb_mmx.c.o,0
jikespg-1.3,ctabs.c.o,49291
jikespg-1.3,globals.c.o,56
jikespg-1.3,lpgparse.c.o,48099
jikespg-1.3,lpgutil.c.o,6433
jikespg-1.3,main.c.o,6871
jikespg-1.3,mkfirst.c.o,15880
jikespg-1.3,mkred.c.o,7557
jikespg-1.3,mkstates.c.o,3467
jikespg-1.3,partset.c.o,2046
jikespg-1.3,prntstat.c.o,3858
jikespg-1.3,produce.c.o,12403
jikespg-1.3,ptables.c.o,3400
jikespg-1.3,remsp.c.o,8543
jikespg-1.3,resolve.c.o,15079
jikespg-1.3,spacetab.c.o,21834
jikespg-1.3,tabutil.c.o,14988
jikespg-1.3,timetab.c.o,10482
libmspack,cabc.c.o,68
libmspack,cabd.c.o,7834
libmspack,cabd_md5.c.o,1556
libmspack,cabd_test.c.o,11689
libmspack,cabextract_md5.c.o,29770
libmspack,cabrip.c.o,685
libmspack,chmc.c.o,68
libmspack,chmd.c.o,4378
libmspack,chmd_md5.c.o,1490
libmspack,hlpc.c.o,68
libmspack,hlpd.c.o,68
libmspack,kwajc.c.o,68
libmspack,kwajd.c.o,68
libmspack,litc.c.o,68
libmspack,litd.c.o,68
libmspack,lzxc.c.o,0
libmspack,lzxd.c.o,8654
libmspack,md5.c.o,3522
libmspack,mszipc.c.o,0
libmspack,mszipd.c.o,109
libmspack,qtmc.c.o,0
libmspack,qtmd.c.o,6321
libmspack,system.c.o,1158
libmspack,szddc.c.o,68
libmspack,szddd.c.o,68
compiler,cg.c.o,3738
compiler,main.c.o,3536
compiler,parser.c.o,5961
compiler,scanner.c.o,4135
compiler,vam.c.o,5292
compiler,vas.c.o,7266
teem-1.6.0-src,1op.c.o,2076
teem-1.6.0-src,2op.c.o,2659
teem-1.6.0-src,3op.c.o,2817
teem-1.6.0-src,754.c.o,2275
teem-1.6.0-src,about.c.o,3070
teem-1.6.0-src,accessors.c.o,8283
teem-1.6.0-src,aniso.c.o,4379
teem-1.6.0-src,apply1D.c.o,9871
teem-1.6.0-src,arith.c.o,7385
teem-1.6.0-src,array.c.o,1041
teem-1.6.0-src,arraysNrrd.c.o,0
teem-1.6.0-src,ax.c.o,3450
teem-1.6.0-src,axdelete.c.o,1796
teem-1.6.0-src,axinfo.c.o,1837
teem-1.6.0-src,axinsert.c.o,1452
teem-1.6.0-src,axis.c.o,3354
teem-1.6.0-src,axmerge.c.o,1743
teem-1.6.0-src,axsplit.c.o,1454
teem-1.6.0-src,bday.c.o,1347
teem-1.6.0-src,biff.c.o,3548
teem-1.6.0-src,bimod.c.o,6393
teem-1.6.0-src,block.c.o,1424
teem-1.6.0-src,bounds.c.o,4398
teem-1.6.0-src,bow.c.o,752
teem-1.6.0-src,cam.c.o,4942
teem-1.6.0-src,cc.c.o,15126
teem-1.6.0-src,ccadj.c.o,1470
teem-1.6.0-src,ccfind.c.o,2140
teem-1.6.0-src,ccmerge.c.o,3208
teem-1.6.0-src,ccmethods.c.o,1706
teem-1.6.0-src,ccsettle.c.o,1375
teem-1.6.0-src,chan.c.o,9754
teem-1.6.0-src,clip.c.o,1184
teem-1.6.0-src,cmedian.c.o,2995
teem-1.6.0-src,color.c.o,7923
teem-1.6.0-src,comment.c.o,840
teem-1.6.0-src,conv.c.o,520
teem-1.6.0-src,convert.c.o,1522
teem-1.6.0-src,convertDye.c.o,4118
teem-1.6.0-src,convertNrrd.c.o,4806
teem-1.6.0-src,convo.c.o,2787
teem-1.6.0-src,coreAlan.c.o,5371
teem-1.6.0-src,crop.c.o,1780
teem-1.6.0-src,ctx.c.o,6188
teem-1.6.0-src,cubicEll.c.o,1604
teem-1.6.0-src,data.c.o,1530
teem-1.6.0-src,defaultsBane.c.o,5
teem-1.6.0-src,defaultsGage.c.o,5
teem-1.6.0-src,defaultsHest.c.o,0
teem-1.6.0-src,defaultsHoover.c.o,7
teem-1.6.0-src,defaultsLimn.c.o,5
teem-1.6.0-src,defaultsMite.c.o,5
teem-1.6.0-src,defaultsMoss.c.o,5
teem-1.6.0-src,defaultsNrrd.c.o,723
teem-1.6.0-src,defaultsTen.c.o,16
teem-1.6.0-src,dehex.c.o,961
teem-1.6.0-src,dhisto.c.o,1731
teem-1.6.0-src,dice.c.o,2141
teem-1.6.0-src,dio.c.o,2000
teem-1.6.0-src,doubleprint.c.o,732
teem-1.6.0-src,eigen.c.o,3118
teem-1.6.0-src,encoding.c.o,807
teem-1.6.0-src,encodingAscii.c.o,1976
teem-1.6.0-src,encodingBzip2.c.o,702
teem-1.6.0-src,encodingGzip.c.o,773
teem-1.6.0-src,encodingHex.c.o,1865
teem-1.6.0-src,encodingRaw.c.o,2502
teem-1.6.0-src,endianAir.c.o,4
teem-1.6.0-src,endianNrrd.c.o,517
teem-1.6.0-src,enhex.c.o,861
teem-1.6.0-src,enum.c.o,1603
teem-1.6.0-src,enumsAlan.c.o,0
teem-1.6.0-src,enumsEcho.c.o,0
teem-1.6.0-src,enumsNrrd.c.o,0
teem-1.6.0-src,enumsTen.c.o,0
teem-1.6.0-src,env.c.o,1443
teem-1.6.0-src,epireg.c.o,17540
teem-1.6.0-src,ex0.c.o,765
teem-1.6.0-src,ex1.c.o,1599
teem-1.6.0-src,ex2.c.o,1259
teem-1.6.0-src,ex3.c.o,1988
teem-1.6.0-src,ex4.c.o,1444
teem-1.6.0-src,ex5.c.o,1163
teem-1.6.0-src,fiber.c.o,4191
teem-1.6.0-src,fiberMethods.c.o,3649
teem-1.6.0-src,filt.c.o,8653
teem-1.6.0-src,filter.c.o,3661
teem-1.6.0-src,flip.c.o,1123
teem-1.6.0-src,floatprint.c.o,726
teem-1.6.0-src,flotsam.c.o,3413
teem-1.6.0-src,format.c.o,958
teem-1.6.0-src,formatEPS.c.o,2928
teem-1.6.0-src,formatNRRD.c.o,4755
teem-1.6.0-src,formatPNG.c.o,974
teem-1.6.0-src,formatPNM.c.o,3907
teem-1.6.0-src,formatText.c.o,3673
teem-1.6.0-src,formatVTK.c.o,7040
teem-1.6.0-src,fp.c.o,1816
teem-1.6.0-src,gamma.c.o,1735
teem-1.6.0-src,genmat.c.o,4052
teem-1.6.0-src,genvol.c.o,2248
teem-1.6.0-src,gkmsFlotsam.c.o,2668
teem-1.6.0-src,gkmsHvol.c.o,3353
teem-1.6.0-src,gkmsInfo.c.o,1677
teem-1.6.0-src,gkmsMite.c.o,1478
teem-1.6.0-src,gkmsOpac.c.o,3928
teem-1.6.0-src,gkmsPvg.c.o,3146
teem-1.6.0-src,gkmsScat.c.o,1947
teem-1.6.0-src,gkmsTxf.c.o,3508
teem-1.6.0-src,glyph.c.o,6080
teem-1.6.0-src,gzio.c.o,0
teem-1.6.0-src,head.c.o,1782
teem-1.6.0-src,heq.c.o,2518
teem-1.6.0-src,hestLimn.c.o,1492
teem-1.6.0-src,hestMoss.c.o,1470
teem-1.6.0-src,hestNrrd.c.o,1472
teem-1.6.0-src,histax.c.o,1791
teem-1.6.0-src,histo.c.o,1955
teem-1.6.0-src,histogram.c.o,7946
teem-1.6.0-src,hvol.c.o,8848
teem-1.6.0-src,imap.c.o,2923
teem-1.6.0-src,inc.c.o,3429
teem-1.6.0-src,inset.c.o,1770
teem-1.6.0-src,intx.c.o,10770
teem-1.6.0-src,invert.c.o,952
teem-1.6.0-src,io.c.o,1010
teem-1.6.0-src,iter.c.o,1017
teem-1.6.0-src,jhisto.c.o,3110
teem-1.6.0-src,join.c.o,1795
teem-1.6.0-src,kernel.c.o,21986
teem-1.6.0-src,keyvalue.c.o,1463
teem-1.6.0-src,kv.c.o,485
teem-1.6.0-src,light.c.o,617
teem-1.6.0-src,lightEcho.c.o,733
teem-1.6.0-src,list.c.o,1764
teem-1.6.0-src,lut.c.o,2456
teem-1.6.0-src,make.c.o,7830
teem-1.6.0-src,map.c.o,377
teem-1.6.0-src,mat.c.o,13333
teem-1.6.0-src,matter.c.o,435
teem-1.6.0-src,measr.c.o,436
teem-1.6.0-src,measure.c.o,11478
teem-1.6.0-src,methodsAlan.c.o,2820
teem-1.6.0-src,methodsBane.c.o,851
teem-1.6.0-src,methodsDye.c.o,1548
teem-1.6.0-src,methodsEcho.c.o,975
teem-1.6.0-src,methodsHest.c.o,3784
teem-1.6.0-src,methodsHoover.c.o,1877
teem-1.6.0-src,methodsLimn.c.o,527
teem-1.6.0-src,methodsMoss.c.o,1457
teem-1.6.0-src,methodsNrrd.c.o,6476
teem-1.6.0-src,minmax.c.o,395
teem-1.6.0-src,miscAir.c.o,4889
teem-1.6.0-src,miscEll.c.o,1071
teem-1.6.0-src,miscGage.c.o,844
teem-1.6.0-src,miscTen.c.o,4629
teem-1.6.0-src,mod.c.o,4389
teem-1.6.0-src,model.c.o,1343
teem-1.6.0-src,mop.c.o,1558
teem-1.6.0-src,obj.c.o,1447
teem-1.6.0-src,objmethods.c.o,1649
teem-1.6.0-src,opac.c.o,655
teem-1.6.0-src,pad.c.o,2204
teem-1.6.0-src,parseAir.c.o,2845
teem-1.6.0-src,parseHest.c.o,16788
teem-1.6.0-src,parseNrrd.c.o,8287
teem-1.6.0-src,permute.c.o,1318
teem-1.6.0-src,pos.c.o,735
teem-1.6.0-src,print.c.o,6406
teem-1.6.0-src,project.c.o,2291
teem-1.6.0-src,pvl.c.o,2064
teem-1.6.0-src,qn.c.o,3062
teem-1.6.0-src,quadvol.c.o,1917
teem-1.6.0-src,quantize.c.o,2007
teem-1.6.0-src,quat.c.o,12954
teem-1.6.0-src,range.c.o,1066
teem-1.6.0-src,rangeBane.c.o,1066
teem-1.6.0-src,ray.c.o,3734
teem-1.6.0-src,rays.c.o,3451
teem-1.6.0-src,read.c.o,3915
teem-1.6.0-src,renderEcho.c.o,5636
teem-1.6.0-src,renderLimn.c.o,3804
teem-1.6.0-src,renderMite.c.o,1515
teem-1.6.0-src,reorder.c.o,12629
teem-1.6.0-src,resample.c.o,3896
teem-1.6.0-src,resampleNrrd.c.o,8419
teem-1.6.0-src,reshape.c.o,1283
teem-1.6.0-src,rmap.c.o,2896
teem-1.6.0-src,sampler.c.o,3002
teem-1.6.0-src,sane.c.o,3146
teem-1.6.0-src,save.c.o,3398
teem-1.6.0-src,scat.c.o,1063
teem-1.6.0-src,scl.c.o,0
teem-1.6.0-src,sclanswer.c.o,5612
teem-1.6.0-src,sclfilter.c.o,8070
teem-1.6.0-src,sclprint.c.o,1009
teem-1.6.0-src,set.c.o,1006
teem-1.6.0-src,shape.c.o,3644
teem-1.6.0-src,shapes.c.o,5937
teem-1.6.0-src,shuffle.c.o,2106
teem-1.6.0-src,sigma.c.o,253
teem-1.6.0-src,simple.c.o,6208
teem-1.6.0-src,slice.c.o,1647
teem-1.6.0-src,soid.c.o,4313
teem-1.6.0-src,sort3.c.o,722
teem-1.6.0-src,splice.c.o,1809
teem-1.6.0-src,splineEval.c.o,5503
teem-1.6.0-src,splineMethods.c.o,6032
teem-1.6.0-src,splineMisc.c.o,3045
teem-1.6.0-src,sqd.c.o,6991
teem-1.6.0-src,st.c.o,4223
teem-1.6.0-src,string.c.o,1768
teem-1.6.0-src,strings.c.o,1343
teem-1.6.0-src,stub.c.o,217
teem-1.6.0-src,subset.c.o,3556
teem-1.6.0-src,superset.c.o,6229
teem-1.6.0-src,swap.c.o,1229
teem-1.6.0-src,tbc.c.o,2167
teem-1.6.0-src,tblah.c.o,1412
teem-1.6.0-src,tcam.c.o,1412
teem-1.6.0-src,tcamanim.c.o,4473
teem-1.6.0-src,tem.c.o,1387
teem-1.6.0-src,tenGage.c.o,4747
teem-1.6.0-src,tendAnhist.c.o,1522
teem-1.6.0-src,tendAnplot.c.o,1997
teem-1.6.0-src,tendAnscale.c.o,1819
teem-1.6.0-src,tendAnvol.c.o,1845
teem-1.6.0-src,tendBmat.c.o,1580
teem-1.6.0-src,tendEllipse.c.o,3033
teem-1.6.0-src,tendEpireg.c.o,5235
teem-1.6.0-src,tendEstim.c.o,4493
teem-1.6.0-src,tendEval.c.o,2197
teem-1.6.0-src,tendEvaladd.c.o,1302
teem-1.6.0-src,tendEvalclamp.c.o,1627
teem-1.6.0-src,tendEvalpow.c.o,1213
teem-1.6.0-src,tendEvec.c.o,2214
teem-1.6.0-src,tendEvecrgb.c.o,2358
teem-1.6.0-src,tendEvq.c.o,2589
teem-1.6.0-src,tendExpand.c.o,1796
teem-1.6.0-src,tendFiber.c.o,3158
teem-1.6.0-src,tendFlotsam.c.o,1685
teem-1.6.0-src,tendGlyph.c.o,8178
teem-1.6.0-src,tendMake.c.o,1214
teem-1.6.0-src,tendNorm.c.o,1677
teem-1.6.0-src,tendPoint.c.o,1917
teem-1.6.0-src,tendSatin.c.o,6112
teem-1.6.0-src,tendShrink.c.o,1190
teem-1.6.0-src,tendSim.c.o,1699
teem-1.6.0-src,tendSlice.c.o,1407
teem-1.6.0-src,tendSten.c.o,1730
teem-1.6.0-src,tensor.c.o,7008
teem-1.6.0-src,test.c.o,1240
teem-1.6.0-src,tg.c.o,2779
teem-1.6.0-src,thread.c.o,432
teem-1.6.0-src,threadAir.c.o,1716
teem-1.6.0-src,tinfo.c.o,705
teem-1.6.0-src,tkernel.c.o,2265
teem-1.6.0-src,tline.c.o,589
teem-1.6.0-src,tmfKernel.c.o,159483
teem-1.6.0-src,tmop.c.o,885
teem-1.6.0-src,tok.c.o,404
teem-1.6.0-src,tps.c.o,3177
teem-1.6.0-src,tq.c.o,5114
teem-1.6.0-src,trand.c.o,263
teem-1.6.0-src,transform.c.o,2552
teem-1.6.0-src,tread.c.o,373
teem-1.6.0-src,trend.c.o,10012
teem-1.6.0-src,trex.c.o,493
teem-1.6.0-src,trnsf.c.o,5707
teem-1.6.0-src,tspline.c.o,2464
teem-1.6.0-src,tspot.c.o,1291
teem-1.6.0-src,tt.c.o,2823
teem-1.6.0-src,txf.c.o,4593
teem-1.6.0-src,typestest.c.o,437
teem-1.6.0-src,unblock.c.o,1480
teem-1.6.0-src,unquantize.c.o,1515
teem-1.6.0-src,update.c.o,6588
teem-1.6.0-src,usage.c.o,3894
teem-1.6.0-src,user.c.o,1167
teem-1.6.0-src,valid.c.o,2886
teem-1.6.0-src,vecEll.c.o,1228
teem-1.6.0-src,vecGage.c.o,3367
teem-1.6.0-src,vecprint.c.o,107
teem-1.6.0-src,winKernel.c.o,18377
teem-1.6.0-src,write.c.o,6083
teem-1.6.0-src,xform.c.o,3956
ttt-0.10.1.preproc,connect4.o,7569
ttt-0.10.1.preproc,engine.o,3992
ttt-0.10.1.preproc,main.o,1907
ttt-0.10.1.preproc,parse.o,2646
ttt-0.10.1.preproc,ttt.o,10373
ttt-0.10.1.preproc,util.o,2501
unrarlib-0.4.0,getfile.c.o,866
unrarlib-0.4.0,listarchive.c.o,1057
unrarlib-0.4.0,unrarlib.c.o,13616
libpng-1.2.5,png.c.o,3640
libpng-1.2.5,png2pnm.c.o,3400
libpng-1.2.5,pngerror.c.o,1290
libpng-1.2.5,pngget.c.o,3746
libpng-1.2.5,pngmem.c.o,950
libpng-1.2.5,pngpread.c.o,8239
libpng-1.2.5,pngread.c.o,7923
libpng-1.2.5,pngrio.c.o,462
libpng-1.2.5,pngrtran.c.o,21995
libpng-1.2.5,pngrutil.c.o,20076
libpng-1.2.5,pngset.c.o,7685
libpng-1.2.5,pngtest.c.o,7747
libpng-1.2.5,pngtrans.c.o,2288
libpng-1.2.5,pngwio.c.o,535
libpng-1.2.5,pngwrite.c.o,7935
libpng-1.2.5,pngwtran.c.o,1921
libpng-1.2.5,pngwutil.c.o,16816
libpng-1.2.5,pnm2png.c.o,3913
flex-2.5.31,buf.c.o,1644
flex-2.5.31,ccl.c.o,1221
flex-2.5.31,dfa.c.o,7475
flex-2.5.31,ecs.c.o,713
flex-2.5.31,filter.c.o,2700
flex-2.5.31,gen.c.o,23849
flex-2.5.31,libmain.c.o,64
flex-2.5.31,libyywrap.c.o,54
flex-2.5.31,main.c.o,17645
flex-2.5.31,misc.c.o,7355
flex-2.5.31,nfa.c.o,4191
flex-2.5.31,options.c.o,1230
flex-2.5.31,parse.c.o,10682
flex-2.5.31,regex.c.o,863
flex-2.5.31,scan.c.o,44298
flex-2.5.31,scanopt.c.o,4207
flex-2.5.31,skel.c.o,79802
flex-2.5.31,sym.c.o,1283
flex-2.5.31,tables.c.o,2868
flex-2.5.31,tables_shared.c.o,77
flex-2.5.31,tblcmp.c.o,4262
flex-2.5.31,yylex.c.o,1040
cg_compiler_opensrc,atom.c.o,4549
cg_compiler_opensrc,binding.c.o,2641
cg_compiler_opensrc,cgcmain.c.o,2705
cg_compiler_opensrc,cgstruct.c.o,150
cg_compiler_opensrc,check.c.o,4144
cg_compiler_opensrc,compile.c.o,18563
cg_compiler_opensrc,constfold.c.o,5156
cg_compiler_opensrc,cpp.c.o,7935
cg_compiler_opensrc,generic_hal.c.o,2191
cg_compiler_opensrc,hal.c.o,3491
cg_compiler_opensrc,inline.c.o,3377
cg_compiler_opensrc,memory.c.o,889
cg_compiler_opensrc,parser.c.o,16555
cg_compiler_opensrc,printutils.c.o,12835
cg_compiler_opensrc,scanner.c.o,8806
cg_compiler_opensrc,semantic.c.o,5100
cg_compiler_opensrc,stdlib.c.o,10
cg_compiler_opensrc,support.c.o,30040
cg_compiler_opensrc,support_iter.c.o,3298
cg_compiler_opensrc,symbols.c.o,9089
cg_compiler_opensrc,tokenize.c.o,975
cg_compiler_opensrc,tokens.c.o,3563
lwip-0.5.3.preproc,api_lib.o,5147
lwip-0.5.3.preproc,api_msg.o,4332
lwip-0.5.3.preproc,arp.o,2424
lwip-0.5.3.preproc,err.o,0
lwip-0.5.3.preproc,fs.o,40271
lwip-0.5.3.preproc,httpd.o,1614
lwip-0.5.3.preproc,icmp.o,1693
lwip-0.5.3.preproc,inet.o,946
lwip-0.5.3.preproc,ip.o,2968
lwip-0.5.3.preproc,ip_addr.o,0
lwip-0.5.3.preproc,loopif.o,313
lwip-0.5.3.preproc,mem.o,2133
lwip-0.5.3.preproc,memp.o,2054
lwip-0.5.3.preproc,netif.o,798
lwip-0.5.3.preproc,pbuf.o,3367
lwip-0.5.3.preproc,shell.o,12497
lwip-0.5.3.preproc,simhost.o,722
lwip-0.5.3.preproc,simnode.o,659
lwip-0.5.3.preproc,simrouter.o,844
lwip-0.5.3.preproc,sockets.o,2686
lwip-0.5.3.preproc,stats.o,78
lwip-0.5.3.preproc,sys.o,1044
lwip-0.5.3.preproc,tcp.o,6733
lwip-0.5.3.preproc,tcp_input.o,10939
lwip-0.5.3.preproc,tcp_output.o,5832
lwip-0.5.3.preproc,tcpdump.o,1993
lwip-0.5.3.preproc,tcpecho.o,332
lwip-0.5.3.preproc,tcpip.o,706
lwip-0.5.3.preproc,udp.o,2607
lwip-0.5.3.preproc,udpecho.o,394
