Compiler version,clang version 8.0.0 (trunk 343397)
Compiler flags,-Oz

Date,2018-09-30
Revision,343397

mpgcut-1.1,mpgcut.c.o,9777
jpeg-6b,ansi2knr.c.o,3302
jpeg-6b,cdjpeg.c.o,264
jpeg-6b,cjpeg.c.o,6462
jpeg-6b,ckconfig.c.o,2681
jpeg-6b,djpeg.c.o,7216
jpeg-6b,jcapimin.c.o,1232
jpeg-6b,jcapistd.c.o,687
jpeg-6b,jccoefct.c.o,2373
jpeg-6b,jccolor.c.o,1848
jpeg-6b,jcdctmgr.c.o,1862
jpeg-6b,jchuff.c.o,4354
jpeg-6b,jcinit.c.o,239
jpeg-6b,jcmainct.c.o,619
jpeg-6b,jcmarker.c.o,2881
jpeg-6b,jcmaster.c.o,3320
jpeg-6b,jcomapi.c.o,301
jpeg-6b,jcparam.c.o,3894
jpeg-6b,jcphuff.c.o,3891
jpeg-6b,jcprepct.c.o,1869
jpeg-6b,jcsample.c.o,2811
jpeg-6b,jctrans.c.o,1810
jpeg-6b,jdapimin.c.o,1640
jpeg-6b,jdapistd.c.o,1340
jpeg-6b,jdatadst.c.o,522
jpeg-6b,jdatasrc.c.o,534
jpeg-6b,jdcoefct.c.o,4503
jpeg-6b,jdcolor.c.o,1655
jpeg-6b,jddctmgr.c.o,1040
jpeg-6b,jdhuff.c.o,3408
jpeg-6b,jdinput.c.o,1682
jpeg-6b,jdmainct.c.o,2175
jpeg-6b,jdmarker.c.o,8475
jpeg-6b,jdmaster.c.o,2329
jpeg-6b,jdmerge.c.o,1887
jpeg-6b,jdphuff.c.o,3936
jpeg-6b,jdpostct.c.o,1211
jpeg-6b,jdsample.c.o,2193
jpeg-6b,jdtrans.c.o,509
jpeg-6b,jerror.c.o,6239
jpeg-6b,jfdctflt.c.o,714
jpeg-6b,jfdctfst.c.o,577
jpeg-6b,jfdctint.c.o,849
jpeg-6b,jidctflt.c.o,1195
jpeg-6b,jidctfst.c.o,1120
jpeg-6b,jidctint.c.o,1366
jpeg-6b,jidctred.c.o,1598
jpeg-6b,jmemmgr.c.o,4654
jpeg-6b,jmemnobs.c.o,236
jpeg-6b,jpegtran.c.o,4575
jpeg-6b,jquant1.c.o,3838
jpeg-6b,jquant2.c.o,5477
jpeg-6b,jutils.c.o,622
jpeg-6b,rdbmp.c.o,2908
jpeg-6b,rdcolmap.c.o,1319
jpeg-6b,rdgif.c.o,149
jpeg-6b,rdjpgcom.c.o,2713
jpeg-6b,rdppm.c.o,2541
jpeg-6b,rdrle.c.o,0
jpeg-6b,rdswitch.c.o,2633
jpeg-6b,rdtarga.c.o,2423
jpeg-6b,transupp.c.o,5746
jpeg-6b,wrbmp.c.o,2281
jpeg-6b,wrgif.c.o,1901
jpeg-6b,wrjpgcom.c.o,3513
jpeg-6b,wrppm.c.o,897
jpeg-6b,wrrle.c.o,0
jpeg-6b,wrtarga.c.o,1157
zlib-1.1.4,adler32.c.o,481
zlib-1.1.4,compress.c.o,277
zlib-1.1.4,crc32.c.o,2426
zlib-1.1.4,deflate.c.o,7406
zlib-1.1.4,example.c.o,5589
zlib-1.1.4,gzio.c.o,5201
zlib-1.1.4,infblock.c.o,4506
zlib-1.1.4,infcodes.c.o,2294
zlib-1.1.4,inffast.c.o,1531
zlib-1.1.4,inflate.c.o,2415
zlib-1.1.4,inftrees.c.o,2903
zlib-1.1.4,infutil.c.o,382
zlib-1.1.4,minigzip.c.o,1780
zlib-1.1.4,trees.c.o,9755
zlib-1.1.4,uncompr.c.o,240
zlib-1.1.4,zutil.c.o,274
replaypc-0.4.0.preproc,ReplayPC.o,6092
replaypc-0.4.0.preproc,addressbook.o,1183
replaypc-0.4.0.preproc,bigfile.o,681
replaypc-0.4.0.preproc,build-ndx.o,1000
replaypc-0.4.0.preproc,cg.o,3613
replaypc-0.4.0.preproc,channelset.o,385
replaypc-0.4.0.preproc,crypt-test.o,2398
replaypc-0.4.0.preproc,crypt.o,1496
replaypc-0.4.0.preproc,dump-addressbook.o,788
replaypc-0.4.0.preproc,dump-cg2.o,734
replaypc-0.4.0.preproc,dump-channelset.o,624
replaypc-0.4.0.preproc,dump-filedarray.o,824
replaypc-0.4.0.preproc,dump-guide.o,973
replaypc-0.4.0.preproc,dump-headend.o,597
replaypc-0.4.0.preproc,dump-programset.o,1005
replaypc-0.4.0.preproc,dump-replaychannels.o,531
replaypc-0.4.0.preproc,dump-replayshows.o,526
replaypc-0.4.0.preproc,dump-zipcode2.o,526
replaypc-0.4.0.preproc,dump.o,2649
replaypc-0.4.0.preproc,filedarray.o,434
replaypc-0.4.0.preproc,find-GOPs.o,518
replaypc-0.4.0.preproc,guide.o,10278
replaypc-0.4.0.preproc,guideclient.o,1230
replaypc-0.4.0.preproc,headend.o,1386
replaypc-0.4.0.preproc,httpclient.o,4659
replaypc-0.4.0.preproc,httpfs.o,9409
replaypc-0.4.0.preproc,httpfsclient.o,3904
replaypc-0.4.0.preproc,mark-commercial.o,2768
replaypc-0.4.0.preproc,ndx-dump.o,5679
replaypc-0.4.0.preproc,ndx.o,913
replaypc-0.4.0.preproc,program.o,2993
replaypc-0.4.0.preproc,rddns.o,948
replaypc-0.4.0.preproc,rddnsclient.o,1870
replaypc-0.4.0.preproc,rtv.o,1810
replaypc-0.4.0.preproc,rtvguide.o,2019
replaypc-0.4.0.preproc,sleep.o,90
replaypc-0.4.0.preproc,un-protect.o,1654
replaypc-0.4.0.preproc,version-test.o,279
replaypc-0.4.0.preproc,zipcode.o,611
OpenTCP-1.0.4,arp.c.o,2731
OpenTCP-1.0.4,bootp.c.o,897
OpenTCP-1.0.4,dhcpc.c.o,1733
OpenTCP-1.0.4,dns.c.o,1510
OpenTCP-1.0.4,ethernet.c.o,2415
OpenTCP-1.0.4,http_server.c.o,1893
OpenTCP-1.0.4,https_callbacks.c.o,736
OpenTCP-1.0.4,icmp.c.o,524
OpenTCP-1.0.4,ip.c.o,2786
OpenTCP-1.0.4,main_demo.c.o,330
OpenTCP-1.0.4,pop3_client.c.o,4616
OpenTCP-1.0.4,pop3c_callbacks.c.o,179
OpenTCP-1.0.4,smtp_client.c.o,2662
OpenTCP-1.0.4,smtpc_callbacks.c.o,192
OpenTCP-1.0.4,system.c.o,1379
OpenTCP-1.0.4,tcp.c.o,7012
OpenTCP-1.0.4,tcp_client_demo.c.o,457
OpenTCP-1.0.4,tcp_server_demo.c.o,456
OpenTCP-1.0.4,tftps.c.o,1070
OpenTCP-1.0.4,timers.c.o,393
OpenTCP-1.0.4,udp.c.o,1860
OpenTCP-1.0.4,udp_demo.c.o,348
bzip2-1.0.2,blocksort.c.o,8089
bzip2-1.0.2,bzip2.c.o,18590
bzip2-1.0.2,bzip2recover.c.o,3881
bzip2-1.0.2,bzlib.c.o,12531
bzip2-1.0.2,compress.c.o,8487
bzip2-1.0.2,crctable.c.o,0
bzip2-1.0.2,decompress.c.o,12371
bzip2-1.0.2,huffman.c.o,1201
bzip2-1.0.2,randtable.c.o,0
mpeg2dec-0.3.1,alloc.c.o,195
mpeg2dec-0.3.1,cpu_accel.c.o,51
mpeg2dec-0.3.1,cpu_state.c.o,49
mpeg2dec-0.3.1,decode.c.o,2929
mpeg2dec-0.3.1,extract_mpeg2.c.o,4528
mpeg2dec-0.3.1,getopt.c.o,0
mpeg2dec-0.3.1,gettimeofday.c.o,0
mpeg2dec-0.3.1,header.c.o,4897
mpeg2dec-0.3.1,idct.c.o,1710
mpeg2dec-0.3.1,idct_alpha.c.o,0
mpeg2dec-0.3.1,idct_altivec.c.o,0
mpeg2dec-0.3.1,idct_mlib.c.o,0
mpeg2dec-0.3.1,idct_mmx.c.o,0
mpeg2dec-0.3.1,motion_comp.c.o,6373
mpeg2dec-0.3.1,motion_comp_alpha.c.o,0
mpeg2dec-0.3.1,motion_comp_altivec.c.o,0
mpeg2dec-0.3.1,motion_comp_mlib.c.o,0
mpeg2dec-0.3.1,motion_comp_mmx.c.o,0
mpeg2dec-0.3.1,mpeg2dec.c.o,6245
mpeg2dec-0.3.1,slice.c.o,20343
mpeg2dec-0.3.1,video_out.c.o,112
mpeg2dec-0.3.1,video_out_dx.c.o,0
mpeg2dec-0.3.1,video_out_null.c.o,453
mpeg2dec-0.3.1,video_out_pgm.c.o,878
mpeg2dec-0.3.1,video_out_sdl.c.o,1097
mpeg2dec-0.3.1,video_out_x11.c.o,0
mpeg2dec-0.3.1,yuv2rgb.c.o,5008
mpeg2dec-0.3.1,yuv2rgb_mlib.c.o,0
mpeg2dec-0.3.1,yuv2rgb_mmx.c.o,0
jikespg-1.3,ctabs.c.o,50203
jikespg-1.3,globals.c.o,56
jikespg-1.3,lpgparse.c.o,47857
jikespg-1.3,lpgutil.c.o,6083
jikespg-1.3,main.c.o,6806
jikespg-1.3,mkfirst.c.o,15294
jikespg-1.3,mkred.c.o,7445
jikespg-1.3,mkstates.c.o,3192
jikespg-1.3,partset.c.o,1753
jikespg-1.3,prntstat.c.o,3883
jikespg-1.3,produce.c.o,11655
jikespg-1.3,ptables.c.o,3360
jikespg-1.3,remsp.c.o,7952
jikespg-1.3,resolve.c.o,14240
jikespg-1.3,spacetab.c.o,21166
jikespg-1.3,tabutil.c.o,14970
jikespg-1.3,timetab.c.o,10200
libmspack,cabc.c.o,68
libmspack,cabd.c.o,8124
libmspack,cabd_md5.c.o,1557
libmspack,cabd_test.c.o,11889
libmspack,cabextract_md5.c.o,29683
libmspack,cabrip.c.o,692
libmspack,chmc.c.o,68
libmspack,chmd.c.o,4443
libmspack,chmd_md5.c.o,1467
libmspack,hlpc.c.o,68
libmspack,hlpd.c.o,68
libmspack,kwajc.c.o,68
libmspack,kwajd.c.o,68
libmspack,litc.c.o,68
libmspack,litd.c.o,68
libmspack,lzxc.c.o,0
libmspack,lzxd.c.o,8976
libmspack,md5.c.o,3561
libmspack,mszipc.c.o,0
libmspack,mszipd.c.o,107
libmspack,qtmc.c.o,0
libmspack,qtmd.c.o,6432
libmspack,system.c.o,1202
libmspack,szddc.c.o,68
libmspack,szddd.c.o,68
compiler,cg.c.o,3740
compiler,main.c.o,3161
compiler,parser.c.o,5925
compiler,scanner.c.o,3781
compiler,vam.c.o,5342
compiler,vas.c.o,6636
teem-1.6.0-src,1op.c.o,2111
teem-1.6.0-src,2op.c.o,2720
teem-1.6.0-src,3op.c.o,2808
teem-1.6.0-src,754.c.o,2366
teem-1.6.0-src,about.c.o,3084
teem-1.6.0-src,accessors.c.o,8191
teem-1.6.0-src,aniso.c.o,4389
teem-1.6.0-src,apply1D.c.o,9801
teem-1.6.0-src,arith.c.o,7567
teem-1.6.0-src,array.c.o,1040
teem-1.6.0-src,arraysNrrd.c.o,0
teem-1.6.0-src,ax.c.o,3620
teem-1.6.0-src,axdelete.c.o,1755
teem-1.6.0-src,axinfo.c.o,1881
teem-1.6.0-src,axinsert.c.o,1499
teem-1.6.0-src,axis.c.o,3333
teem-1.6.0-src,axmerge.c.o,1740
teem-1.6.0-src,axsplit.c.o,1502
teem-1.6.0-src,bday.c.o,1341
teem-1.6.0-src,biff.c.o,3503
teem-1.6.0-src,bimod.c.o,6460
teem-1.6.0-src,block.c.o,1423
teem-1.6.0-src,bounds.c.o,4398
teem-1.6.0-src,bow.c.o,761
teem-1.6.0-src,cam.c.o,5122
teem-1.6.0-src,cc.c.o,14965
teem-1.6.0-src,ccadj.c.o,1484
teem-1.6.0-src,ccfind.c.o,2125
teem-1.6.0-src,ccmerge.c.o,3208
teem-1.6.0-src,ccmethods.c.o,1688
teem-1.6.0-src,ccsettle.c.o,1473
teem-1.6.0-src,chan.c.o,9973
teem-1.6.0-src,clip.c.o,1194
teem-1.6.0-src,cmedian.c.o,3071
teem-1.6.0-src,color.c.o,7587
teem-1.6.0-src,comment.c.o,827
teem-1.6.0-src,conv.c.o,546
teem-1.6.0-src,convert.c.o,1485
teem-1.6.0-src,convertDye.c.o,3804
teem-1.6.0-src,convertNrrd.c.o,4206
teem-1.6.0-src,convo.c.o,2633
teem-1.6.0-src,coreAlan.c.o,5295
teem-1.6.0-src,crop.c.o,1840
teem-1.6.0-src,ctx.c.o,6225
teem-1.6.0-src,cubicEll.c.o,1636
teem-1.6.0-src,data.c.o,1543
teem-1.6.0-src,defaultsBane.c.o,5
teem-1.6.0-src,defaultsGage.c.o,5
teem-1.6.0-src,defaultsHest.c.o,0
teem-1.6.0-src,defaultsHoover.c.o,7
teem-1.6.0-src,defaultsLimn.c.o,5
teem-1.6.0-src,defaultsMite.c.o,5
teem-1.6.0-src,defaultsMoss.c.o,5
teem-1.6.0-src,defaultsNrrd.c.o,723
teem-1.6.0-src,defaultsTen.c.o,16
teem-1.6.0-src,dehex.c.o,983
teem-1.6.0-src,dhisto.c.o,1661
teem-1.6.0-src,dice.c.o,2138
teem-1.6.0-src,dio.c.o,2002
teem-1.6.0-src,doubleprint.c.o,769
teem-1.6.0-src,eigen.c.o,3107
teem-1.6.0-src,encoding.c.o,819
teem-1.6.0-src,encodingAscii.c.o,1991
teem-1.6.0-src,encodingBzip2.c.o,706
teem-1.6.0-src,encodingGzip.c.o,785
teem-1.6.0-src,encodingHex.c.o,1880
teem-1.6.0-src,encodingRaw.c.o,2626
teem-1.6.0-src,endianAir.c.o,4
teem-1.6.0-src,endianNrrd.c.o,514
teem-1.6.0-src,enhex.c.o,872
teem-1.6.0-src,enum.c.o,1289
teem-1.6.0-src,enumsAlan.c.o,0
teem-1.6.0-src,enumsEcho.c.o,0
teem-1.6.0-src,enumsNrrd.c.o,0
teem-1.6.0-src,enumsTen.c.o,0
teem-1.6.0-src,env.c.o,1473
teem-1.6.0-src,epireg.c.o,17962
teem-1.6.0-src,ex0.c.o,768
teem-1.6.0-src,ex1.c.o,1606
teem-1.6.0-src,ex2.c.o,1269
teem-1.6.0-src,ex3.c.o,2022
teem-1.6.0-src,ex4.c.o,1482
teem-1.6.0-src,ex5.c.o,1196
teem-1.6.0-src,fiber.c.o,4271
teem-1.6.0-src,fiberMethods.c.o,3720
teem-1.6.0-src,filt.c.o,7461
teem-1.6.0-src,filter.c.o,3686
teem-1.6.0-src,flip.c.o,1137
teem-1.6.0-src,floatprint.c.o,763
teem-1.6.0-src,flotsam.c.o,3387
teem-1.6.0-src,format.c.o,970
teem-1.6.0-src,formatEPS.c.o,2998
teem-1.6.0-src,formatNRRD.c.o,4775
teem-1.6.0-src,formatPNG.c.o,980
teem-1.6.0-src,formatPNM.c.o,4015
teem-1.6.0-src,formatText.c.o,3681
teem-1.6.0-src,formatVTK.c.o,7356
teem-1.6.0-src,fp.c.o,1820
teem-1.6.0-src,gamma.c.o,1661
teem-1.6.0-src,genmat.c.o,4158
teem-1.6.0-src,genvol.c.o,2037
teem-1.6.0-src,gkmsFlotsam.c.o,2669
teem-1.6.0-src,gkmsHvol.c.o,3385
teem-1.6.0-src,gkmsInfo.c.o,1644
teem-1.6.0-src,gkmsMite.c.o,1471
teem-1.6.0-src,gkmsOpac.c.o,3943
teem-1.6.0-src,gkmsPvg.c.o,3181
teem-1.6.0-src,gkmsScat.c.o,2011
teem-1.6.0-src,gkmsTxf.c.o,3416
teem-1.6.0-src,glyph.c.o,6118
teem-1.6.0-src,gzio.c.o,0
teem-1.6.0-src,head.c.o,1808
teem-1.6.0-src,heq.c.o,2554
teem-1.6.0-src,hestLimn.c.o,1476
teem-1.6.0-src,hestMoss.c.o,1540
teem-1.6.0-src,hestNrrd.c.o,1672
teem-1.6.0-src,histax.c.o,1800
teem-1.6.0-src,histo.c.o,1996
teem-1.6.0-src,histogram.c.o,7957
teem-1.6.0-src,hvol.c.o,8847
teem-1.6.0-src,imap.c.o,2955
teem-1.6.0-src,inc.c.o,3437
teem-1.6.0-src,inset.c.o,1748
teem-1.6.0-src,intx.c.o,10827
teem-1.6.0-src,invert.c.o,982
teem-1.6.0-src,io.c.o,928
teem-1.6.0-src,iter.c.o,1013
teem-1.6.0-src,jhisto.c.o,3216
teem-1.6.0-src,join.c.o,1874
teem-1.6.0-src,kernel.c.o,21866
teem-1.6.0-src,keyvalue.c.o,1575
teem-1.6.0-src,kv.c.o,497
teem-1.6.0-src,light.c.o,627
teem-1.6.0-src,lightEcho.c.o,733
teem-1.6.0-src,list.c.o,1759
teem-1.6.0-src,lut.c.o,2514
teem-1.6.0-src,make.c.o,8063
teem-1.6.0-src,map.c.o,387
teem-1.6.0-src,mat.c.o,13333
teem-1.6.0-src,matter.c.o,435
teem-1.6.0-src,measr.c.o,436
teem-1.6.0-src,measure.c.o,10643
teem-1.6.0-src,methodsAlan.c.o,2862
teem-1.6.0-src,methodsBane.c.o,746
teem-1.6.0-src,methodsDye.c.o,1542
teem-1.6.0-src,methodsEcho.c.o,1005
teem-1.6.0-src,methodsHest.c.o,3756
teem-1.6.0-src,methodsHoover.c.o,1887
teem-1.6.0-src,methodsLimn.c.o,522
teem-1.6.0-src,methodsMoss.c.o,1523
teem-1.6.0-src,methodsNrrd.c.o,6636
teem-1.6.0-src,minmax.c.o,413
teem-1.6.0-src,miscAir.c.o,4757
teem-1.6.0-src,miscEll.c.o,1071
teem-1.6.0-src,miscGage.c.o,788
teem-1.6.0-src,miscTen.c.o,4739
teem-1.6.0-src,mod.c.o,4317
teem-1.6.0-src,model.c.o,1155
teem-1.6.0-src,mop.c.o,1555
teem-1.6.0-src,obj.c.o,1486
teem-1.6.0-src,objmethods.c.o,1753
teem-1.6.0-src,opac.c.o,673
teem-1.6.0-src,pad.c.o,2294
teem-1.6.0-src,parseAir.c.o,2852
teem-1.6.0-src,parseHest.c.o,16881
teem-1.6.0-src,parseNrrd.c.o,8480
teem-1.6.0-src,permute.c.o,1358
teem-1.6.0-src,pos.c.o,753
teem-1.6.0-src,print.c.o,6373
teem-1.6.0-src,project.c.o,2256
teem-1.6.0-src,pvl.c.o,2107
teem-1.6.0-src,qn.c.o,3071
teem-1.6.0-src,quadvol.c.o,1923
teem-1.6.0-src,quantize.c.o,2001
teem-1.6.0-src,quat.c.o,12486
teem-1.6.0-src,range.c.o,1004
teem-1.6.0-src,rangeBane.c.o,1090
teem-1.6.0-src,ray.c.o,3731
teem-1.6.0-src,rays.c.o,3511
teem-1.6.0-src,read.c.o,3889
teem-1.6.0-src,renderEcho.c.o,5690
teem-1.6.0-src,renderLimn.c.o,3855
teem-1.6.0-src,renderMite.c.o,1557
teem-1.6.0-src,reorder.c.o,12428
teem-1.6.0-src,resample.c.o,3931
teem-1.6.0-src,resampleNrrd.c.o,8184
teem-1.6.0-src,reshape.c.o,1321
teem-1.6.0-src,rmap.c.o,2954
teem-1.6.0-src,sampler.c.o,2932
teem-1.6.0-src,sane.c.o,3171
teem-1.6.0-src,save.c.o,3392
teem-1.6.0-src,scat.c.o,1105
teem-1.6.0-src,scl.c.o,0
teem-1.6.0-src,sclanswer.c.o,5615
teem-1.6.0-src,sclfilter.c.o,8006
teem-1.6.0-src,sclprint.c.o,1015
teem-1.6.0-src,set.c.o,990
teem-1.6.0-src,shape.c.o,3629
teem-1.6.0-src,shapes.c.o,5654
teem-1.6.0-src,shuffle.c.o,2126
teem-1.6.0-src,sigma.c.o,253
teem-1.6.0-src,simple.c.o,6330
teem-1.6.0-src,slice.c.o,1624
teem-1.6.0-src,soid.c.o,4265
teem-1.6.0-src,sort3.c.o,728
teem-1.6.0-src,splice.c.o,1775
teem-1.6.0-src,splineEval.c.o,5543
teem-1.6.0-src,splineMethods.c.o,6129
teem-1.6.0-src,splineMisc.c.o,3112
teem-1.6.0-src,sqd.c.o,7040
teem-1.6.0-src,st.c.o,4217
teem-1.6.0-src,string.c.o,1678
teem-1.6.0-src,strings.c.o,1403
teem-1.6.0-src,stub.c.o,211
teem-1.6.0-src,subset.c.o,3582
teem-1.6.0-src,superset.c.o,6185
teem-1.6.0-src,swap.c.o,1180
teem-1.6.0-src,tbc.c.o,2227
teem-1.6.0-src,tblah.c.o,1327
teem-1.6.0-src,tcam.c.o,1432
teem-1.6.0-src,tcamanim.c.o,4378
teem-1.6.0-src,tem.c.o,1412
teem-1.6.0-src,tenGage.c.o,4565
teem-1.6.0-src,tendAnhist.c.o,1540
teem-1.6.0-src,tendAnplot.c.o,2036
teem-1.6.0-src,tendAnscale.c.o,1740
teem-1.6.0-src,tendAnvol.c.o,1840
teem-1.6.0-src,tendBmat.c.o,1658
teem-1.6.0-src,tendEllipse.c.o,3192
teem-1.6.0-src,tendEpireg.c.o,5281
teem-1.6.0-src,tendEstim.c.o,4508
teem-1.6.0-src,tendEval.c.o,2302
teem-1.6.0-src,tendEvaladd.c.o,1293
teem-1.6.0-src,tendEvalclamp.c.o,1611
teem-1.6.0-src,tendEvalpow.c.o,1204
teem-1.6.0-src,tendEvec.c.o,2291
teem-1.6.0-src,tendEvecrgb.c.o,2378
teem-1.6.0-src,tendEvq.c.o,2633
teem-1.6.0-src,tendExpand.c.o,1821
teem-1.6.0-src,tendFiber.c.o,3250
teem-1.6.0-src,tendFlotsam.c.o,1652
teem-1.6.0-src,tendGlyph.c.o,8235
teem-1.6.0-src,tendMake.c.o,1280
teem-1.6.0-src,tendNorm.c.o,1636
teem-1.6.0-src,tendPoint.c.o,1924
teem-1.6.0-src,tendSatin.c.o,6206
teem-1.6.0-src,tendShrink.c.o,1267
teem-1.6.0-src,tendSim.c.o,1744
teem-1.6.0-src,tendSlice.c.o,1350
teem-1.6.0-src,tendSten.c.o,1762
teem-1.6.0-src,tensor.c.o,7213
teem-1.6.0-src,test.c.o,1278
teem-1.6.0-src,tg.c.o,2723
teem-1.6.0-src,thread.c.o,449
teem-1.6.0-src,threadAir.c.o,1546
teem-1.6.0-src,tinfo.c.o,721
teem-1.6.0-src,tkernel.c.o,2251
teem-1.6.0-src,tline.c.o,585
teem-1.6.0-src,tmfKernel.c.o,158373
teem-1.6.0-src,tmop.c.o,902
teem-1.6.0-src,tok.c.o,377
teem-1.6.0-src,tps.c.o,3286
teem-1.6.0-src,tq.c.o,5122
teem-1.6.0-src,trand.c.o,275
teem-1.6.0-src,transform.c.o,2402
teem-1.6.0-src,tread.c.o,385
teem-1.6.0-src,trend.c.o,9724
teem-1.6.0-src,trex.c.o,499
teem-1.6.0-src,trnsf.c.o,5885
teem-1.6.0-src,tspline.c.o,2484
teem-1.6.0-src,tspot.c.o,1424
teem-1.6.0-src,tt.c.o,2895
teem-1.6.0-src,txf.c.o,4545
teem-1.6.0-src,typestest.c.o,441
teem-1.6.0-src,unblock.c.o,1493
teem-1.6.0-src,unquantize.c.o,1608
teem-1.6.0-src,update.c.o,6495
teem-1.6.0-src,usage.c.o,3997
teem-1.6.0-src,user.c.o,1223
teem-1.6.0-src,valid.c.o,2919
teem-1.6.0-src,vecEll.c.o,1228
teem-1.6.0-src,vecGage.c.o,3269
teem-1.6.0-src,vecprint.c.o,111
teem-1.6.0-src,winKernel.c.o,18329
teem-1.6.0-src,write.c.o,6130
teem-1.6.0-src,xform.c.o,3931
ttt-0.10.1.preproc,connect4.o,7569
ttt-0.10.1.preproc,engine.o,3992
ttt-0.10.1.preproc,main.o,1907
ttt-0.10.1.preproc,parse.o,2646
ttt-0.10.1.preproc,ttt.o,10373
ttt-0.10.1.preproc,util.o,2501
unrarlib-0.4.0,getfile.c.o,873
unrarlib-0.4.0,listarchive.c.o,1075
unrarlib-0.4.0,unrarlib.c.o,13147
libpng-1.2.5,png.c.o,3520
libpng-1.2.5,png2pnm.c.o,3644
libpng-1.2.5,pngerror.c.o,1279
libpng-1.2.5,pngget.c.o,3775
libpng-1.2.5,pngmem.c.o,858
libpng-1.2.5,pngpread.c.o,7877
libpng-1.2.5,pngread.c.o,7968
libpng-1.2.5,pngrio.c.o,462
libpng-1.2.5,pngrtran.c.o,21100
libpng-1.2.5,pngrutil.c.o,19251
libpng-1.2.5,pngset.c.o,7757
libpng-1.2.5,pngtest.c.o,7883
libpng-1.2.5,pngtrans.c.o,2243
libpng-1.2.5,pngwio.c.o,538
libpng-1.2.5,pngwrite.c.o,7941
libpng-1.2.5,pngwtran.c.o,1882
libpng-1.2.5,pngwutil.c.o,15766
libpng-1.2.5,pnm2png.c.o,4091
flex-2.5.31,buf.c.o,1545
flex-2.5.31,ccl.c.o,1202
flex-2.5.31,dfa.c.o,7274
flex-2.5.31,ecs.c.o,612
flex-2.5.31,filter.c.o,2738
flex-2.5.31,gen.c.o,22551
flex-2.5.31,libmain.c.o,64
flex-2.5.31,libyywrap.c.o,52
flex-2.5.31,main.c.o,17938
flex-2.5.31,misc.c.o,7048
flex-2.5.31,nfa.c.o,4296
flex-2.5.31,options.c.o,1230
flex-2.5.31,parse.c.o,9445
flex-2.5.31,regex.c.o,846
flex-2.5.31,scan.c.o,44137
flex-2.5.31,scanopt.c.o,4281
flex-2.5.31,skel.c.o,79802
flex-2.5.31,sym.c.o,1296
flex-2.5.31,tables.c.o,2856
flex-2.5.31,tables_shared.c.o,73
flex-2.5.31,tblcmp.c.o,3991
flex-2.5.31,yylex.c.o,1075
cg_compiler_opensrc,atom.c.o,4551
cg_compiler_opensrc,binding.c.o,2561
cg_compiler_opensrc,cgcmain.c.o,2711
cg_compiler_opensrc,cgstruct.c.o,181
cg_compiler_opensrc,check.c.o,4121
cg_compiler_opensrc,compile.c.o,17583
cg_compiler_opensrc,constfold.c.o,4667
cg_compiler_opensrc,cpp.c.o,7979
cg_compiler_opensrc,generic_hal.c.o,2239
cg_compiler_opensrc,hal.c.o,3506
cg_compiler_opensrc,inline.c.o,3423
cg_compiler_opensrc,memory.c.o,893
cg_compiler_opensrc,parser.c.o,16353
cg_compiler_opensrc,printutils.c.o,12497
cg_compiler_opensrc,scanner.c.o,9101
cg_compiler_opensrc,semantic.c.o,5150
cg_compiler_opensrc,stdlib.c.o,10
cg_compiler_opensrc,support.c.o,30164
cg_compiler_opensrc,support_iter.c.o,3290
cg_compiler_opensrc,symbols.c.o,8828
cg_compiler_opensrc,tokenize.c.o,1025
cg_compiler_opensrc,tokens.c.o,3571
lwip-0.5.3.preproc,api_lib.o,5147
lwip-0.5.3.preproc,api_msg.o,4332
lwip-0.5.3.preproc,arp.o,2424
lwip-0.5.3.preproc,err.o,0
lwip-0.5.3.preproc,fs.o,40271
lwip-0.5.3.preproc,httpd.o,1614
lwip-0.5.3.preproc,icmp.o,1693
lwip-0.5.3.preproc,inet.o,946
lwip-0.5.3.preproc,ip.o,2968
lwip-0.5.3.preproc,ip_addr.o,0
lwip-0.5.3.preproc,loopif.o,313
lwip-0.5.3.preproc,mem.o,2133
lwip-0.5.3.preproc,memp.o,2054
lwip-0.5.3.preproc,netif.o,798
lwip-0.5.3.preproc,pbuf.o,3367
lwip-0.5.3.preproc,shell.o,12497
lwip-0.5.3.preproc,simhost.o,722
lwip-0.5.3.preproc,simnode.o,659
lwip-0.5.3.preproc,simrouter.o,844
lwip-0.5.3.preproc,sockets.o,2686
lwip-0.5.3.preproc,stats.o,78
lwip-0.5.3.preproc,sys.o,1044
lwip-0.5.3.preproc,tcp.o,6733
lwip-0.5.3.preproc,tcp_input.o,10939
lwip-0.5.3.preproc,tcp_output.o,5832
lwip-0.5.3.preproc,tcpdump.o,1993
lwip-0.5.3.preproc,tcpecho.o,332
lwip-0.5.3.preproc,tcpip.o,706
lwip-0.5.3.preproc,udp.o,2607
lwip-0.5.3.preproc,udpecho.o,394
