Compiler version,clang version 5.0.0 (trunk 304630)
Compiler flags,--target=arm-none-eabi -Os -mcpu=cortex-m4 -mthumb -isysroot /usr/lib/arm-none-eabi -iwithsysroot /include

Date,2017-06-03
Revision,304630

mpgcut-1.1,mpgcut.c.obj,14646
jpeg-6b,ansi2knr.c.obj,2634
jpeg-6b,cdjpeg.c.obj,148
jpeg-6b,cjpeg.c.obj,5331
jpeg-6b,ckconfig.c.obj,2310
jpeg-6b,djpeg.c.obj,5923
jpeg-6b,jcapimin.c.obj,732
jpeg-6b,jcapistd.c.obj,418
jpeg-6b,jccoefct.c.obj,1616
jpeg-6b,jccolor.c.obj,1376
jpeg-6b,jcdctmgr.c.obj,1336
jpeg-6b,jchuff.c.obj,3954
jpeg-6b,jcinit.c.obj,156
jpeg-6b,jcmainct.c.obj,364
jpeg-6b,jcmarker.c.obj,1934
jpeg-6b,jcmaster.c.obj,2370
jpeg-6b,jcomapi.c.obj,140
jpeg-6b,jcparam.c.obj,2766
jpeg-6b,jcphuff.c.obj,4702
jpeg-6b,jcprepct.c.obj,1258
jpeg-6b,jcsample.c.obj,2192
jpeg-6b,jctrans.c.obj,1248
jpeg-6b,jdapimin.c.obj,884
jpeg-6b,jdapistd.c.obj,788
jpeg-6b,jdatadst.c.obj,278
jpeg-6b,jdatasrc.c.obj,304
jpeg-6b,jdcoefct.c.obj,2914
jpeg-6b,jdcolor.c.obj,1162
jpeg-6b,jddctmgr.c.obj,752
jpeg-6b,jdhuff.c.obj,2208
jpeg-6b,jdinput.c.obj,1196
jpeg-6b,jdmainct.c.obj,1356
jpeg-6b,jdmarker.c.obj,5358
jpeg-6b,jdmaster.c.obj,1468
jpeg-6b,jdmerge.c.obj,1374
jpeg-6b,jdphuff.c.obj,2628
jpeg-6b,jdpostct.c.obj,746
jpeg-6b,jdsample.c.obj,1616
jpeg-6b,jdtrans.c.obj,274
jpeg-6b,jerror.c.obj,5506
jpeg-6b,jfdctflt.c.obj,460
jpeg-6b,jfdctfst.c.obj,484
jpeg-6b,jfdctint.c.obj,750
jpeg-6b,jidctflt.c.obj,892
jpeg-6b,jidctfst.c.obj,910
jpeg-6b,jidctint.c.obj,1132
jpeg-6b,jidctred.c.obj,1216
jpeg-6b,jmemmgr.c.obj,2926
jpeg-6b,jmemnobs.c.obj,108
jpeg-6b,jpegtran.c.obj,3670
jpeg-6b,jquant1.c.obj,2584
jpeg-6b,jquant2.c.obj,3442
jpeg-6b,jutils.c.obj,458
jpeg-6b,rdbmp.c.obj,1858
jpeg-6b,rdcolmap.c.obj,1244
jpeg-6b,rdgif.c.obj,99
jpeg-6b,rdjpgcom.c.obj,2341
jpeg-6b,rdppm.c.obj,1548
jpeg-6b,rdrle.c.obj,0
jpeg-6b,rdswitch.c.obj,1856
jpeg-6b,rdtarga.c.obj,1708
jpeg-6b,transupp.c.obj,4076
jpeg-6b,wrbmp.c.obj,2642
jpeg-6b,wrgif.c.obj,2738
jpeg-6b,wrjpgcom.c.obj,3449
jpeg-6b,wrppm.c.obj,580
jpeg-6b,wrrle.c.obj,0
jpeg-6b,wrtarga.c.obj,990
zlib-1.1.4,adler32.c.obj,328
zlib-1.1.4,compress.c.obj,140
zlib-1.1.4,crc32.c.obj,1284
zlib-1.1.4,deflate.c.obj,4894
zlib-1.1.4,example.c.obj,4271
zlib-1.1.4,gzio.c.obj,2931
zlib-1.1.4,infblock.c.obj,2986
zlib-1.1.4,infcodes.c.obj,1296
zlib-1.1.4,inffast.c.obj,974
zlib-1.1.4,inflate.c.obj,1553
zlib-1.1.4,inftrees.c.obj,2121
zlib-1.1.4,infutil.c.obj,250
zlib-1.1.4,minigzip.c.obj,1173
zlib-1.1.4,trees.c.obj,7748
zlib-1.1.4,uncompr.c.obj,106
zlib-1.1.4,zutil.c.obj,197
replaypc-0.4.0.preproc,ReplayPC.o,6092
replaypc-0.4.0.preproc,addressbook.o,1183
replaypc-0.4.0.preproc,bigfile.o,681
replaypc-0.4.0.preproc,build-ndx.o,1000
replaypc-0.4.0.preproc,cg.o,3613
replaypc-0.4.0.preproc,channelset.o,385
replaypc-0.4.0.preproc,crypt-test.o,2398
replaypc-0.4.0.preproc,crypt.o,1496
replaypc-0.4.0.preproc,dump-addressbook.o,788
replaypc-0.4.0.preproc,dump-cg2.o,734
replaypc-0.4.0.preproc,dump-channelset.o,624
replaypc-0.4.0.preproc,dump-filedarray.o,824
replaypc-0.4.0.preproc,dump-guide.o,973
replaypc-0.4.0.preproc,dump-headend.o,597
replaypc-0.4.0.preproc,dump-programset.o,1005
replaypc-0.4.0.preproc,dump-replaychannels.o,531
replaypc-0.4.0.preproc,dump-replayshows.o,526
replaypc-0.4.0.preproc,dump-zipcode2.o,526
replaypc-0.4.0.preproc,dump.o,2649
replaypc-0.4.0.preproc,filedarray.o,434
replaypc-0.4.0.preproc,find-GOPs.o,518
replaypc-0.4.0.preproc,guide.o,10278
replaypc-0.4.0.preproc,guideclient.o,1230
replaypc-0.4.0.preproc,headend.o,1386
replaypc-0.4.0.preproc,httpclient.o,4659
replaypc-0.4.0.preproc,httpfs.o,9409
replaypc-0.4.0.preproc,httpfsclient.o,3904
replaypc-0.4.0.preproc,mark-commercial.o,2768
replaypc-0.4.0.preproc,ndx-dump.o,5679
replaypc-0.4.0.preproc,ndx.o,913
replaypc-0.4.0.preproc,program.o,2993
replaypc-0.4.0.preproc,rddns.o,948
replaypc-0.4.0.preproc,rddnsclient.o,1870
replaypc-0.4.0.preproc,rtv.o,1810
replaypc-0.4.0.preproc,rtvguide.o,2019
replaypc-0.4.0.preproc,sleep.o,90
replaypc-0.4.0.preproc,un-protect.o,1654
replaypc-0.4.0.preproc,version-test.o,279
replaypc-0.4.0.preproc,zipcode.o,611
OpenTCP-1.0.4,arp.c.obj,1852
OpenTCP-1.0.4,bootp.c.obj,1128
OpenTCP-1.0.4,dhcpc.c.obj,2444
OpenTCP-1.0.4,dns.c.obj,1268
OpenTCP-1.0.4,ethernet.c.obj,1612
OpenTCP-1.0.4,http_server.c.obj,1350
OpenTCP-1.0.4,https_callbacks.c.obj,660
OpenTCP-1.0.4,icmp.c.obj,312
OpenTCP-1.0.4,ip.c.obj,2006
OpenTCP-1.0.4,main_demo.c.obj,228
OpenTCP-1.0.4,pop3_client.c.obj,3365
OpenTCP-1.0.4,pop3c_callbacks.c.obj,78
OpenTCP-1.0.4,smtp_client.c.obj,2108
OpenTCP-1.0.4,smtpc_callbacks.c.obj,90
OpenTCP-1.0.4,system.c.obj,1044
OpenTCP-1.0.4,tcp.c.obj,4384
OpenTCP-1.0.4,tcp_client_demo.c.obj,348
OpenTCP-1.0.4,tcp_server_demo.c.obj,322
OpenTCP-1.0.4,tftps.c.obj,724
OpenTCP-1.0.4,timers.c.obj,262
OpenTCP-1.0.4,udp.c.obj,1188
OpenTCP-1.0.4,udp_demo.c.obj,244
bzip2-1.0.2,blocksort.c.obj,5341
bzip2-1.0.2,bzip2.c.obj,16807
bzip2-1.0.2,bzip2recover.c.obj,3753
bzip2-1.0.2,bzlib.c.obj,9537
bzip2-1.0.2,compress.c.obj,11915
bzip2-1.0.2,crctable.c.obj,0
bzip2-1.0.2,decompress.c.obj,12953
bzip2-1.0.2,huffman.c.obj,1030
bzip2-1.0.2,randtable.c.obj,0
mpeg2dec-0.3.1,alloc.c.obj,112
mpeg2dec-0.3.1,cpu_accel.c.obj,12
mpeg2dec-0.3.1,cpu_state.c.obj,10
mpeg2dec-0.3.1,decode.c.obj,2256
mpeg2dec-0.3.1,extract_mpeg2.c.obj,2898
mpeg2dec-0.3.1,getopt.c.obj,2930
mpeg2dec-0.3.1,gettimeofday.c.obj,0
mpeg2dec-0.3.1,header.c.obj,3314
mpeg2dec-0.3.1,idct.c.obj,1632
mpeg2dec-0.3.1,idct_alpha.c.obj,0
mpeg2dec-0.3.1,idct_altivec.c.obj,0
mpeg2dec-0.3.1,idct_mlib.c.obj,0
mpeg2dec-0.3.1,idct_mmx.c.obj,0
mpeg2dec-0.3.1,motion_comp.c.obj,5612
mpeg2dec-0.3.1,motion_comp_alpha.c.obj,0
mpeg2dec-0.3.1,motion_comp_altivec.c.obj,0
mpeg2dec-0.3.1,motion_comp_mlib.c.obj,0
mpeg2dec-0.3.1,motion_comp_mmx.c.obj,0
mpeg2dec-0.3.1,mpeg2dec.c.obj,4090
mpeg2dec-0.3.1,slice.c.obj,14618
mpeg2dec-0.3.1,video_out.c.obj,76
mpeg2dec-0.3.1,video_out_dx.c.obj,0
mpeg2dec-0.3.1,video_out_null.c.obj,402
mpeg2dec-0.3.1,video_out_pgm.c.obj,503
mpeg2dec-0.3.1,video_out_sdl.c.obj,761
mpeg2dec-0.3.1,video_out_x11.c.obj,0
mpeg2dec-0.3.1,yuv2rgb.c.obj,4204
mpeg2dec-0.3.1,yuv2rgb_mlib.c.obj,0
mpeg2dec-0.3.1,yuv2rgb_mmx.c.obj,0
jikespg-1.3,ctabs.c.obj,47623
jikespg-1.3,globals.c.obj,48
jikespg-1.3,lpgparse.c.obj,44307
jikespg-1.3,lpgutil.c.obj,4625
jikespg-1.3,main.c.obj,6173
jikespg-1.3,mkfirst.c.obj,14894
jikespg-1.3,mkred.c.obj,6512
jikespg-1.3,mkstates.c.obj,2749
jikespg-1.3,partset.c.obj,1460
jikespg-1.3,prntstat.c.obj,3472
jikespg-1.3,produce.c.obj,11117
jikespg-1.3,ptables.c.obj,3137
jikespg-1.3,remsp.c.obj,7706
jikespg-1.3,resolve.c.obj,11316
jikespg-1.3,spacetab.c.obj,20363
jikespg-1.3,tabutil.c.obj,13008
jikespg-1.3,timetab.c.obj,9424
libmspack,cabc.c.obj,22
libmspack,cabd.c.obj,5218
libmspack,cabd_md5.c.obj,1217
libmspack,cabd_test.c.obj,11106
libmspack,cabextract_md5.c.obj,24286
libmspack,cabrip.c.obj,425
libmspack,chmc.c.obj,22
libmspack,chmd.c.obj,3342
libmspack,chmd_md5.c.obj,1052
libmspack,hlpc.c.obj,22
libmspack,hlpd.c.obj,22
libmspack,kwajc.c.obj,22
libmspack,kwajd.c.obj,22
libmspack,litc.c.obj,22
libmspack,litd.c.obj,22
libmspack,lzxc.c.obj,0
libmspack,lzxd.c.obj,6004
libmspack,md5.c.obj,2842
libmspack,mszipc.c.obj,0
libmspack,mszipd.c.obj,42
libmspack,qtmc.c.obj,0
libmspack,qtmd.c.obj,5082
libmspack,system.c.obj,578
libmspack,szddc.c.obj,22
libmspack,szddd.c.obj,22
compiler,cg.c.obj,2565
compiler,main.c.obj,2564
compiler,parser.c.obj,4388
compiler,scanner.c.obj,3769
compiler,vam.c.obj,3814
compiler,vas.c.obj,5908
teem-1.6.0-src,1op.c.obj,1663
teem-1.6.0-src,2op.c.obj,2168
teem-1.6.0-src,3op.c.obj,2280
teem-1.6.0-src,754.c.obj,1583
teem-1.6.0-src,about.c.obj,2762
teem-1.6.0-src,accessors.c.obj,7851
teem-1.6.0-src,aniso.c.obj,3528
teem-1.6.0-src,apply1D.c.obj,8103
teem-1.6.0-src,arith.c.obj,6224
teem-1.6.0-src,array.c.obj,576
teem-1.6.0-src,arraysNrrd.c.obj,0
teem-1.6.0-src,ax.c.obj,2807
teem-1.6.0-src,axdelete.c.obj,1370
teem-1.6.0-src,axinfo.c.obj,1445
teem-1.6.0-src,axinsert.c.obj,1099
teem-1.6.0-src,axis.c.obj,3256
teem-1.6.0-src,axmerge.c.obj,1351
teem-1.6.0-src,axsplit.c.obj,1148
teem-1.6.0-src,bday.c.obj,1066
teem-1.6.0-src,biff.c.obj,2557
teem-1.6.0-src,bimod.c.obj,6627
teem-1.6.0-src,block.c.obj,1110
teem-1.6.0-src,bounds.c.obj,9765
teem-1.6.0-src,bow.c.obj,678
teem-1.6.0-src,cam.c.obj,5433
teem-1.6.0-src,cc.c.obj,10855
teem-1.6.0-src,ccadj.c.obj,1155
teem-1.6.0-src,ccfind.c.obj,1715
teem-1.6.0-src,ccmerge.c.obj,2633
teem-1.6.0-src,ccmethods.c.obj,1200
teem-1.6.0-src,ccsettle.c.obj,1038
teem-1.6.0-src,chan.c.obj,9099
teem-1.6.0-src,clip.c.obj,784
teem-1.6.0-src,cmedian.c.obj,2506
teem-1.6.0-src,color.c.obj,8672
teem-1.6.0-src,comment.c.obj,459
teem-1.6.0-src,conv.c.obj,408
teem-1.6.0-src,convert.c.obj,1144
teem-1.6.0-src,convertDye.c.obj,3062
teem-1.6.0-src,convertNrrd.c.obj,3940
teem-1.6.0-src,convo.c.obj,1875
teem-1.6.0-src,coreAlan.c.obj,3981
teem-1.6.0-src,crop.c.obj,1392
teem-1.6.0-src,ctx.c.obj,4480
teem-1.6.0-src,cubicEll.c.obj,2300
teem-1.6.0-src,data.c.obj,1264
teem-1.6.0-src,defaultsBane.c.obj,5
teem-1.6.0-src,defaultsGage.c.obj,5
teem-1.6.0-src,defaultsHest.c.obj,0
teem-1.6.0-src,defaultsHoover.c.obj,7
teem-1.6.0-src,defaultsLimn.c.obj,5
teem-1.6.0-src,defaultsMite.c.obj,5
teem-1.6.0-src,defaultsMoss.c.obj,5
teem-1.6.0-src,defaultsNrrd.c.obj,675
teem-1.6.0-src,defaultsTen.c.obj,16
teem-1.6.0-src,dehex.c.obj,805
teem-1.6.0-src,dhisto.c.obj,1328
teem-1.6.0-src,dice.c.obj,1852
teem-1.6.0-src,dio.c.obj,1892
teem-1.6.0-src,doubleprint.c.obj,664
teem-1.6.0-src,eigen.c.obj,5408
teem-1.6.0-src,encoding.c.obj,674
teem-1.6.0-src,encodingAscii.c.obj,1521
teem-1.6.0-src,encodingBzip2.c.obj,570
teem-1.6.0-src,encodingGzip.c.obj,638
teem-1.6.0-src,encodingHex.c.obj,1552
teem-1.6.0-src,encodingRaw.c.obj,1978
teem-1.6.0-src,endianAir.c.obj,4
teem-1.6.0-src,endianNrrd.c.obj,345
teem-1.6.0-src,enhex.c.obj,743
teem-1.6.0-src,enum.c.obj,984
teem-1.6.0-src,enumsAlan.c.obj,0
teem-1.6.0-src,enumsEcho.c.obj,0
teem-1.6.0-src,enumsNrrd.c.obj,0
teem-1.6.0-src,enumsTen.c.obj,0
teem-1.6.0-src,env.c.obj,1151
teem-1.6.0-src,epireg.c.obj,14314
teem-1.6.0-src,ex0.c.obj,517
teem-1.6.0-src,ex1.c.obj,1257
teem-1.6.0-src,ex2.c.obj,966
teem-1.6.0-src,ex3.c.obj,1536
teem-1.6.0-src,ex4.c.obj,1098
teem-1.6.0-src,ex5.c.obj,801
teem-1.6.0-src,fiber.c.obj,5053
teem-1.6.0-src,fiberMethods.c.obj,2795
teem-1.6.0-src,filt.c.obj,6303
teem-1.6.0-src,filter.c.obj,3264
teem-1.6.0-src,flip.c.obj,808
teem-1.6.0-src,floatprint.c.obj,654
teem-1.6.0-src,flotsam.c.obj,2586
teem-1.6.0-src,format.c.obj,716
teem-1.6.0-src,formatEPS.c.obj,2545
teem-1.6.0-src,formatNRRD.c.obj,3727
teem-1.6.0-src,formatPNG.c.obj,744
teem-1.6.0-src,formatPNM.c.obj,3067
teem-1.6.0-src,formatText.c.obj,2743
teem-1.6.0-src,formatVTK.c.obj,5733
teem-1.6.0-src,fp.c.obj,1677
teem-1.6.0-src,gamma.c.obj,1346
teem-1.6.0-src,genmat.c.obj,3482
teem-1.6.0-src,genvol.c.obj,1791
teem-1.6.0-src,gkmsFlotsam.c.obj,2096
teem-1.6.0-src,gkmsHvol.c.obj,2834
teem-1.6.0-src,gkmsInfo.c.obj,1307
teem-1.6.0-src,gkmsMite.c.obj,1164
teem-1.6.0-src,gkmsOpac.c.obj,3203
teem-1.6.0-src,gkmsPvg.c.obj,2726
teem-1.6.0-src,gkmsScat.c.obj,1524
teem-1.6.0-src,gkmsTxf.c.obj,3200
teem-1.6.0-src,glyph.c.obj,5287
teem-1.6.0-src,gzio.c.obj,0
teem-1.6.0-src,head.c.obj,1392
teem-1.6.0-src,heq.c.obj,2057
teem-1.6.0-src,hestLimn.c.obj,1044
teem-1.6.0-src,hestMoss.c.obj,1102
teem-1.6.0-src,hestNrrd.c.obj,1089
teem-1.6.0-src,histax.c.obj,1333
teem-1.6.0-src,histo.c.obj,1532
teem-1.6.0-src,histogram.c.obj,6223
teem-1.6.0-src,hvol.c.obj,7047
teem-1.6.0-src,imap.c.obj,2484
teem-1.6.0-src,inc.c.obj,3441
teem-1.6.0-src,inset.c.obj,1363
teem-1.6.0-src,intx.c.obj,15290
teem-1.6.0-src,invert.c.obj,677
teem-1.6.0-src,io.c.obj,937
teem-1.6.0-src,iter.c.obj,689
teem-1.6.0-src,jhisto.c.obj,2625
teem-1.6.0-src,join.c.obj,1464
teem-1.6.0-src,kernel.c.obj,26087
teem-1.6.0-src,keyvalue.c.obj,785
teem-1.6.0-src,kv.c.obj,381
teem-1.6.0-src,light.c.obj,456
teem-1.6.0-src,lightEcho.c.obj,849
teem-1.6.0-src,list.c.obj,1658
teem-1.6.0-src,lut.c.obj,2097
teem-1.6.0-src,make.c.obj,6445
teem-1.6.0-src,map.c.obj,344
teem-1.6.0-src,mat.c.obj,22958
teem-1.6.0-src,matter.c.obj,402
teem-1.6.0-src,measr.c.obj,322
teem-1.6.0-src,measure.c.obj,11141
teem-1.6.0-src,methodsAlan.c.obj,2259
teem-1.6.0-src,methodsBane.c.obj,603
teem-1.6.0-src,methodsDye.c.obj,1260
teem-1.6.0-src,methodsEcho.c.obj,595
teem-1.6.0-src,methodsHest.c.obj,2382
teem-1.6.0-src,methodsHoover.c.obj,1764
teem-1.6.0-src,methodsLimn.c.obj,322
teem-1.6.0-src,methodsMoss.c.obj,1052
teem-1.6.0-src,methodsNrrd.c.obj,4079
teem-1.6.0-src,minmax.c.obj,306
teem-1.6.0-src,miscAir.c.obj,4304
teem-1.6.0-src,miscEll.c.obj,1295
teem-1.6.0-src,miscGage.c.obj,647
teem-1.6.0-src,miscTen.c.obj,3616
teem-1.6.0-src,mod.c.obj,3181
teem-1.6.0-src,model.c.obj,1432
teem-1.6.0-src,mop.c.obj,1151
teem-1.6.0-src,obj.c.obj,792
teem-1.6.0-src,objmethods.c.obj,962
teem-1.6.0-src,opac.c.obj,510
teem-1.6.0-src,pad.c.obj,1764
teem-1.6.0-src,parseAir.c.obj,1416
teem-1.6.0-src,parseHest.c.obj,11765
teem-1.6.0-src,parseNrrd.c.obj,6297
teem-1.6.0-src,permute.c.obj,1007
teem-1.6.0-src,pos.c.obj,587
teem-1.6.0-src,print.c.obj,6367
teem-1.6.0-src,project.c.obj,1881
teem-1.6.0-src,pvl.c.obj,1420
teem-1.6.0-src,qn.c.obj,2721
teem-1.6.0-src,quadvol.c.obj,1797
teem-1.6.0-src,quantize.c.obj,1626
teem-1.6.0-src,quat.c.obj,15566
teem-1.6.0-src,range.c.obj,718
teem-1.6.0-src,rangeBane.c.obj,1128
teem-1.6.0-src,ray.c.obj,4664
teem-1.6.0-src,rays.c.obj,4055
teem-1.6.0-src,read.c.obj,2892
teem-1.6.0-src,renderEcho.c.obj,5283
teem-1.6.0-src,renderLimn.c.obj,3225
teem-1.6.0-src,renderMite.c.obj,1153
teem-1.6.0-src,reorder.c.obj,8752
teem-1.6.0-src,resample.c.obj,3414
teem-1.6.0-src,resampleNrrd.c.obj,6545
teem-1.6.0-src,reshape.c.obj,978
teem-1.6.0-src,rmap.c.obj,2537
teem-1.6.0-src,sampler.c.obj,2386
teem-1.6.0-src,sane.c.obj,3047
teem-1.6.0-src,save.c.obj,2812
teem-1.6.0-src,scat.c.obj,715
teem-1.6.0-src,scl.c.obj,0
teem-1.6.0-src,sclanswer.c.obj,6433
teem-1.6.0-src,sclfilter.c.obj,6929
teem-1.6.0-src,sclprint.c.obj,1041
teem-1.6.0-src,set.c.obj,1196
teem-1.6.0-src,shape.c.obj,3405
teem-1.6.0-src,shapes.c.obj,4518
teem-1.6.0-src,shuffle.c.obj,1642
teem-1.6.0-src,sigma.c.obj,177
teem-1.6.0-src,simple.c.obj,4525
teem-1.6.0-src,slice.c.obj,1255
teem-1.6.0-src,soid.c.obj,3395
teem-1.6.0-src,sort3.c.obj,740
teem-1.6.0-src,splice.c.obj,1397
teem-1.6.0-src,splineEval.c.obj,7377
teem-1.6.0-src,splineMethods.c.obj,4738
teem-1.6.0-src,splineMisc.c.obj,2385
teem-1.6.0-src,sqd.c.obj,8589
teem-1.6.0-src,st.c.obj,2999
teem-1.6.0-src,string.c.obj,1158
teem-1.6.0-src,strings.c.obj,1151
teem-1.6.0-src,stub.c.obj,116
teem-1.6.0-src,subset.c.obj,2565
teem-1.6.0-src,superset.c.obj,4523
teem-1.6.0-src,swap.c.obj,853
teem-1.6.0-src,tbc.c.obj,1780
teem-1.6.0-src,tblah.c.obj,1237
teem-1.6.0-src,tcam.c.obj,1266
teem-1.6.0-src,tcamanim.c.obj,3419
teem-1.6.0-src,tem.c.obj,1088
teem-1.6.0-src,tenGage.c.obj,2689
teem-1.6.0-src,tendAnhist.c.obj,1187
teem-1.6.0-src,tendAnplot.c.obj,1665
teem-1.6.0-src,tendAnscale.c.obj,1395
teem-1.6.0-src,tendAnvol.c.obj,1511
teem-1.6.0-src,tendBmat.c.obj,1345
teem-1.6.0-src,tendEllipse.c.obj,2735
teem-1.6.0-src,tendEpireg.c.obj,4574
teem-1.6.0-src,tendEstim.c.obj,3891
teem-1.6.0-src,tendEval.c.obj,1712
teem-1.6.0-src,tendEvaladd.c.obj,990
teem-1.6.0-src,tendEvalclamp.c.obj,1280
teem-1.6.0-src,tendEvalpow.c.obj,901
teem-1.6.0-src,tendEvec.c.obj,1722
teem-1.6.0-src,tendEvecrgb.c.obj,1939
teem-1.6.0-src,tendEvq.c.obj,2201
teem-1.6.0-src,tendExpand.c.obj,1468
teem-1.6.0-src,tendFiber.c.obj,2616
teem-1.6.0-src,tendFlotsam.c.obj,1282
teem-1.6.0-src,tendGlyph.c.obj,6736
teem-1.6.0-src,tendMake.c.obj,971
teem-1.6.0-src,tendNorm.c.obj,1321
teem-1.6.0-src,tendPoint.c.obj,1800
teem-1.6.0-src,tendSatin.c.obj,5672
teem-1.6.0-src,tendShrink.c.obj,958
teem-1.6.0-src,tendSim.c.obj,1386
teem-1.6.0-src,tendSlice.c.obj,1025
teem-1.6.0-src,tendSten.c.obj,1372
teem-1.6.0-src,tensor.c.obj,6709
teem-1.6.0-src,test.c.obj,930
teem-1.6.0-src,tg.c.obj,2755
teem-1.6.0-src,thread.c.obj,308
teem-1.6.0-src,threadAir.c.obj,1294
teem-1.6.0-src,tinfo.c.obj,559
teem-1.6.0-src,tkernel.c.obj,2091
teem-1.6.0-src,tline.c.obj,463
teem-1.6.0-src,tmfKernel.c.obj,193313
teem-1.6.0-src,tmop.c.obj,589
teem-1.6.0-src,tok.c.obj,310
teem-1.6.0-src,tps.c.obj,2476
teem-1.6.0-src,tq.c.obj,4179
teem-1.6.0-src,trand.c.obj,173
teem-1.6.0-src,transform.c.obj,2797
teem-1.6.0-src,tread.c.obj,306
teem-1.6.0-src,trend.c.obj,7861
teem-1.6.0-src,trex.c.obj,358
teem-1.6.0-src,trnsf.c.obj,4540
teem-1.6.0-src,tspline.c.obj,2124
teem-1.6.0-src,tspot.c.obj,999
teem-1.6.0-src,tt.c.obj,3122
teem-1.6.0-src,txf.c.obj,3595
teem-1.6.0-src,typestest.c.obj,446
teem-1.6.0-src,unblock.c.obj,1136
teem-1.6.0-src,unquantize.c.obj,1183
teem-1.6.0-src,update.c.obj,5000
teem-1.6.0-src,usage.c.obj,2809
teem-1.6.0-src,user.c.obj,895
teem-1.6.0-src,valid.c.obj,2538
teem-1.6.0-src,vecEll.c.obj,1776
teem-1.6.0-src,vecGage.c.obj,2637
teem-1.6.0-src,vecprint.c.obj,62
teem-1.6.0-src,winKernel.c.obj,21520
teem-1.6.0-src,write.c.obj,4275
teem-1.6.0-src,xform.c.obj,3290
ttt-0.10.1.preproc,connect4.o,7569
ttt-0.10.1.preproc,engine.o,3992
ttt-0.10.1.preproc,main.o,1907
ttt-0.10.1.preproc,parse.o,2646
ttt-0.10.1.preproc,ttt.o,10373
ttt-0.10.1.preproc,util.o,2501
unrarlib-0.4.0,getfile.c.obj,804
unrarlib-0.4.0,listarchive.c.obj,1030
unrarlib-0.4.0,unrarlib.c.obj,12176
libpng-1.2.5,png.c.obj,2557
libpng-1.2.5,png2pnm.c.obj,2557
libpng-1.2.5,pngerror.c.obj,885
libpng-1.2.5,pngget.c.obj,2472
libpng-1.2.5,pngmem.c.obj,521
libpng-1.2.5,pngpread.c.obj,6139
libpng-1.2.5,pngread.c.obj,7368
libpng-1.2.5,pngrio.c.obj,305
libpng-1.2.5,pngrtran.c.obj,16516
libpng-1.2.5,pngrutil.c.obj,15146
libpng-1.2.5,pngset.c.obj,5983
libpng-1.2.5,pngtest.c.obj,5918
libpng-1.2.5,pngtrans.c.obj,1928
libpng-1.2.5,pngwio.c.obj,355
libpng-1.2.5,pngwrite.c.obj,5737
libpng-1.2.5,pngwtran.c.obj,1470
libpng-1.2.5,pngwutil.c.obj,12055
libpng-1.2.5,pnm2png.c.obj,2801
flex-2.5.31,buf.c.obj,975
flex-2.5.31,ccl.c.obj,1122
flex-2.5.31,dfa.c.obj,6780
flex-2.5.31,ecs.c.obj,600
flex-2.5.31,filter.c.obj,2029
flex-2.5.31,gen.c.obj,24406
flex-2.5.31,libmain.c.obj,24
flex-2.5.31,libyywrap.c.obj,12
flex-2.5.31,main.c.obj,18778
flex-2.5.31,misc.c.obj,5892
flex-2.5.31,nfa.c.obj,3510
flex-2.5.31,options.c.obj,1230
flex-2.5.31,parse.c.obj,11010
flex-2.5.31,regex.c.obj,535
flex-2.5.31,scan.c.obj,43142
flex-2.5.31,scanopt.c.obj,2998
flex-2.5.31,skel.c.obj,79802
flex-2.5.31,sym.c.obj,891
flex-2.5.31,tables.c.obj,1921
flex-2.5.31,tables_shared.c.obj,34
flex-2.5.31,tblcmp.c.obj,3780
flex-2.5.31,yylex.c.obj,1020
cg_compiler_opensrc,atom.c.obj,3324
cg_compiler_opensrc,binding.c.obj,1663
cg_compiler_opensrc,cgcmain.c.obj,2234
cg_compiler_opensrc,cgstruct.c.obj,78
cg_compiler_opensrc,check.c.obj,3019
cg_compiler_opensrc,compile.c.obj,12307
cg_compiler_opensrc,constfold.c.obj,3106
cg_compiler_opensrc,cpp.c.obj,6228
cg_compiler_opensrc,generic_hal.c.obj,1611
cg_compiler_opensrc,hal.c.obj,2405
cg_compiler_opensrc,inline.c.obj,2446
cg_compiler_opensrc,memory.c.obj,454
cg_compiler_opensrc,parser.c.obj,13125
cg_compiler_opensrc,printutils.c.obj,9877
cg_compiler_opensrc,scanner.c.obj,5671
cg_compiler_opensrc,semantic.c.obj,3774
cg_compiler_opensrc,stdlib.c.obj,10
cg_compiler_opensrc,support.c.obj,21247
cg_compiler_opensrc,support_iter.c.obj,1662
cg_compiler_opensrc,symbols.c.obj,6573
cg_compiler_opensrc,tokenize.c.obj,704
cg_compiler_opensrc,tokens.c.obj,2814
lwip-0.5.3.preproc,api_lib.o,5147
lwip-0.5.3.preproc,api_msg.o,4332
lwip-0.5.3.preproc,arp.o,2424
lwip-0.5.3.preproc,err.o,0
lwip-0.5.3.preproc,fs.o,40271
lwip-0.5.3.preproc,httpd.o,1614
lwip-0.5.3.preproc,icmp.o,1693
lwip-0.5.3.preproc,inet.o,946
lwip-0.5.3.preproc,ip.o,2968
lwip-0.5.3.preproc,ip_addr.o,0
lwip-0.5.3.preproc,loopif.o,313
lwip-0.5.3.preproc,mem.o,2133
lwip-0.5.3.preproc,memp.o,2054
lwip-0.5.3.preproc,netif.o,798
lwip-0.5.3.preproc,pbuf.o,3367
lwip-0.5.3.preproc,shell.o,12497
lwip-0.5.3.preproc,simhost.o,722
lwip-0.5.3.preproc,simnode.o,659
lwip-0.5.3.preproc,simrouter.o,844
lwip-0.5.3.preproc,sockets.o,2686
lwip-0.5.3.preproc,stats.o,78
lwip-0.5.3.preproc,sys.o,1044
lwip-0.5.3.preproc,tcp.o,6733
lwip-0.5.3.preproc,tcp_input.o,10939
lwip-0.5.3.preproc,tcp_output.o,5832
lwip-0.5.3.preproc,tcpdump.o,1993
lwip-0.5.3.preproc,tcpecho.o,332
lwip-0.5.3.preproc,tcpip.o,706
lwip-0.5.3.preproc,udp.o,2607
lwip-0.5.3.preproc,udpecho.o,394
