Compiler version,clang version 6.0.0 (trunk 316362)
Compiler flags,-Os

Date,2017-10-23
Revision,316362

mpgcut-1.1,mpgcut.c.o,12106
jpeg-6b,ansi2knr.c.o,3297
jpeg-6b,cdjpeg.c.o,261
jpeg-6b,cjpeg.c.o,6349
jpeg-6b,ckconfig.c.o,2590
jpeg-6b,djpeg.c.o,6916
jpeg-6b,jcapimin.c.o,1132
jpeg-6b,jcapistd.c.o,643
jpeg-6b,jccoefct.c.o,2627
jpeg-6b,jccolor.c.o,1862
jpeg-6b,jcdctmgr.c.o,1968
jpeg-6b,jchuff.c.o,5759
jpeg-6b,jcinit.c.o,231
jpeg-6b,jcmainct.c.o,569
jpeg-6b,jcmarker.c.o,2950
jpeg-6b,jcmaster.c.o,3420
jpeg-6b,jcomapi.c.o,259
jpeg-6b,jcparam.c.o,3931
jpeg-6b,jcphuff.c.o,7223
jpeg-6b,jcprepct.c.o,2045
jpeg-6b,jcsample.c.o,3153
jpeg-6b,jctrans.c.o,1975
jpeg-6b,jdapimin.c.o,1533
jpeg-6b,jdapistd.c.o,1269
jpeg-6b,jdatadst.c.o,463
jpeg-6b,jdatasrc.c.o,493
jpeg-6b,jdcoefct.c.o,4850
jpeg-6b,jdcolor.c.o,1714
jpeg-6b,jddctmgr.c.o,1041
jpeg-6b,jdhuff.c.o,3169
jpeg-6b,jdinput.c.o,1754
jpeg-6b,jdmainct.c.o,2046
jpeg-6b,jdmarker.c.o,8220
jpeg-6b,jdmaster.c.o,2311
jpeg-6b,jdmerge.c.o,1953
jpeg-6b,jdphuff.c.o,3752
jpeg-6b,jdpostct.c.o,1141
jpeg-6b,jdsample.c.o,2431
jpeg-6b,jdtrans.c.o,516
jpeg-6b,jerror.c.o,6226
jpeg-6b,jfdctflt.c.o,1026
jpeg-6b,jfdctfst.c.o,1226
jpeg-6b,jfdctint.c.o,844
jpeg-6b,jidctflt.c.o,1224
jpeg-6b,jidctfst.c.o,1130
jpeg-6b,jidctint.c.o,1376
jpeg-6b,jidctred.c.o,1473
jpeg-6b,jmemmgr.c.o,4595
jpeg-6b,jmemnobs.c.o,236
jpeg-6b,jpegtran.c.o,4414
jpeg-6b,jquant1.c.o,4199
jpeg-6b,jquant2.c.o,5569
jpeg-6b,jutils.c.o,614
jpeg-6b,rdbmp.c.o,2874
jpeg-6b,rdcolmap.c.o,1228
jpeg-6b,rdgif.c.o,139
jpeg-6b,rdjpgcom.c.o,2598
jpeg-6b,rdppm.c.o,2369
jpeg-6b,rdrle.c.o,0
jpeg-6b,rdswitch.c.o,2602
jpeg-6b,rdtarga.c.o,2329
jpeg-6b,transupp.c.o,5883
jpeg-6b,wrbmp.c.o,2173
jpeg-6b,wrgif.c.o,1739
jpeg-6b,wrjpgcom.c.o,3451
jpeg-6b,wrppm.c.o,844
jpeg-6b,wrrle.c.o,0
jpeg-6b,wrtarga.c.o,1135
zlib-1.1.4,adler32.c.o,524
zlib-1.1.4,compress.c.o,244
zlib-1.1.4,crc32.c.o,2424
zlib-1.1.4,deflate.c.o,7212
zlib-1.1.4,example.c.o,4994
zlib-1.1.4,gzio.c.o,4873
zlib-1.1.4,infblock.c.o,4327
zlib-1.1.4,infcodes.c.o,1919
zlib-1.1.4,inffast.c.o,1470
zlib-1.1.4,inflate.c.o,2271
zlib-1.1.4,inftrees.c.o,2692
zlib-1.1.4,infutil.c.o,425
zlib-1.1.4,minigzip.c.o,1616
zlib-1.1.4,trees.c.o,9855
zlib-1.1.4,uncompr.c.o,205
zlib-1.1.4,zutil.c.o,268
replaypc-0.4.0.preproc,ReplayPC.o,6092
replaypc-0.4.0.preproc,addressbook.o,1183
replaypc-0.4.0.preproc,bigfile.o,681
replaypc-0.4.0.preproc,build-ndx.o,1000
replaypc-0.4.0.preproc,cg.o,3613
replaypc-0.4.0.preproc,channelset.o,385
replaypc-0.4.0.preproc,crypt-test.o,2398
replaypc-0.4.0.preproc,crypt.o,1496
replaypc-0.4.0.preproc,dump-addressbook.o,788
replaypc-0.4.0.preproc,dump-cg2.o,734
replaypc-0.4.0.preproc,dump-channelset.o,624
replaypc-0.4.0.preproc,dump-filedarray.o,824
replaypc-0.4.0.preproc,dump-guide.o,973
replaypc-0.4.0.preproc,dump-headend.o,597
replaypc-0.4.0.preproc,dump-programset.o,1005
replaypc-0.4.0.preproc,dump-replaychannels.o,531
replaypc-0.4.0.preproc,dump-replayshows.o,526
replaypc-0.4.0.preproc,dump-zipcode2.o,526
replaypc-0.4.0.preproc,dump.o,2649
replaypc-0.4.0.preproc,filedarray.o,434
replaypc-0.4.0.preproc,find-GOPs.o,518
replaypc-0.4.0.preproc,guide.o,10278
replaypc-0.4.0.preproc,guideclient.o,1230
replaypc-0.4.0.preproc,headend.o,1386
replaypc-0.4.0.preproc,httpclient.o,4659
replaypc-0.4.0.preproc,httpfs.o,9409
replaypc-0.4.0.preproc,httpfsclient.o,3904
replaypc-0.4.0.preproc,mark-commercial.o,2768
replaypc-0.4.0.preproc,ndx-dump.o,5679
replaypc-0.4.0.preproc,ndx.o,913
replaypc-0.4.0.preproc,program.o,2993
replaypc-0.4.0.preproc,rddns.o,948
replaypc-0.4.0.preproc,rddnsclient.o,1870
replaypc-0.4.0.preproc,rtv.o,1810
replaypc-0.4.0.preproc,rtvguide.o,2019
replaypc-0.4.0.preproc,sleep.o,90
replaypc-0.4.0.preproc,un-protect.o,1654
replaypc-0.4.0.preproc,version-test.o,279
replaypc-0.4.0.preproc,zipcode.o,611
OpenTCP-1.0.4,arp.c.o,2521
OpenTCP-1.0.4,bootp.c.o,849
OpenTCP-1.0.4,dhcpc.c.o,1693
OpenTCP-1.0.4,dns.c.o,1508
OpenTCP-1.0.4,ethernet.c.o,1574
OpenTCP-1.0.4,http_server.c.o,1780
OpenTCP-1.0.4,https_callbacks.c.o,794
OpenTCP-1.0.4,icmp.c.o,490
OpenTCP-1.0.4,ip.c.o,3093
OpenTCP-1.0.4,main_demo.c.o,335
OpenTCP-1.0.4,pop3_client.c.o,5036
OpenTCP-1.0.4,pop3c_callbacks.c.o,179
OpenTCP-1.0.4,smtp_client.c.o,3074
OpenTCP-1.0.4,smtpc_callbacks.c.o,192
OpenTCP-1.0.4,system.c.o,1246
OpenTCP-1.0.4,tcp.c.o,7010
OpenTCP-1.0.4,tcp_client_demo.c.o,995
OpenTCP-1.0.4,tcp_server_demo.c.o,988
OpenTCP-1.0.4,tftps.c.o,1083
OpenTCP-1.0.4,timers.c.o,368
OpenTCP-1.0.4,udp.c.o,1739
OpenTCP-1.0.4,udp_demo.c.o,323
bzip2-1.0.2,blocksort.c.o,7460
bzip2-1.0.2,bzip2.c.o,18479
bzip2-1.0.2,bzip2recover.c.o,4089
bzip2-1.0.2,bzlib.c.o,12473
bzip2-1.0.2,compress.c.o,15393
bzip2-1.0.2,crctable.c.o,0
bzip2-1.0.2,decompress.c.o,16262
bzip2-1.0.2,huffman.c.o,1395
bzip2-1.0.2,randtable.c.o,0
mpeg2dec-0.3.1,alloc.c.o,182
mpeg2dec-0.3.1,cpu_accel.c.o,51
mpeg2dec-0.3.1,cpu_state.c.o,49
mpeg2dec-0.3.1,decode.c.o,3651
mpeg2dec-0.3.1,extract_mpeg2.c.o,3959
mpeg2dec-0.3.1,getopt.c.o,0
mpeg2dec-0.3.1,gettimeofday.c.o,0
mpeg2dec-0.3.1,header.c.o,5070
mpeg2dec-0.3.1,idct.c.o,5836
mpeg2dec-0.3.1,idct_alpha.c.o,0
mpeg2dec-0.3.1,idct_altivec.c.o,0
mpeg2dec-0.3.1,idct_mlib.c.o,0
mpeg2dec-0.3.1,idct_mmx.c.o,0
mpeg2dec-0.3.1,motion_comp.c.o,6387
mpeg2dec-0.3.1,motion_comp_alpha.c.o,0
mpeg2dec-0.3.1,motion_comp_altivec.c.o,0
mpeg2dec-0.3.1,motion_comp_mlib.c.o,0
mpeg2dec-0.3.1,motion_comp_mmx.c.o,0
mpeg2dec-0.3.1,mpeg2dec.c.o,5498
mpeg2dec-0.3.1,slice.c.o,26763
mpeg2dec-0.3.1,video_out.c.o,112
mpeg2dec-0.3.1,video_out_dx.c.o,0
mpeg2dec-0.3.1,video_out_null.c.o,570
mpeg2dec-0.3.1,video_out_pgm.c.o,862
mpeg2dec-0.3.1,video_out_sdl.c.o,1024
mpeg2dec-0.3.1,video_out_x11.c.o,0
mpeg2dec-0.3.1,yuv2rgb.c.o,5170
mpeg2dec-0.3.1,yuv2rgb_mlib.c.o,0
mpeg2dec-0.3.1,yuv2rgb_mmx.c.o,0
jikespg-1.3,ctabs.c.o,49181
jikespg-1.3,globals.c.o,56
jikespg-1.3,lpgparse.c.o,48291
jikespg-1.3,lpgutil.c.o,6153
jikespg-1.3,main.c.o,6835
jikespg-1.3,mkfirst.c.o,15752
jikespg-1.3,mkred.c.o,7362
jikespg-1.3,mkstates.c.o,3443
jikespg-1.3,partset.c.o,2083
jikespg-1.3,prntstat.c.o,3784
jikespg-1.3,produce.c.o,12014
jikespg-1.3,ptables.c.o,3331
jikespg-1.3,remsp.c.o,8423
jikespg-1.3,resolve.c.o,15000
jikespg-1.3,spacetab.c.o,22008
jikespg-1.3,tabutil.c.o,14627
jikespg-1.3,timetab.c.o,10415
libmspack,cabc.c.o,68
libmspack,cabd.c.o,7591
libmspack,cabd_md5.c.o,1544
libmspack,cabd_test.c.o,11532
libmspack,cabextract_md5.c.o,28612
libmspack,cabrip.c.o,645
libmspack,chmc.c.o,68
libmspack,chmd.c.o,4448
libmspack,chmd_md5.c.o,1469
libmspack,hlpc.c.o,68
libmspack,hlpd.c.o,68
libmspack,kwajc.c.o,68
libmspack,kwajd.c.o,68
libmspack,litc.c.o,68
libmspack,litd.c.o,68
libmspack,lzxc.c.o,0
libmspack,lzxd.c.o,8521
libmspack,md5.c.o,3432
libmspack,mszipc.c.o,0
libmspack,mszipd.c.o,109
libmspack,qtmc.c.o,0
libmspack,qtmd.c.o,6118
libmspack,system.c.o,1103
libmspack,szddc.c.o,68
libmspack,szddd.c.o,68
compiler,cg.c.o,3470
compiler,main.c.o,3429
compiler,parser.c.o,5664
compiler,scanner.c.o,4152
compiler,vam.c.o,5314
compiler,vas.c.o,7232
teem-1.6.0-src,1op.c.o,2066
teem-1.6.0-src,2op.c.o,2624
teem-1.6.0-src,3op.c.o,2793
teem-1.6.0-src,754.c.o,2267
teem-1.6.0-src,about.c.o,3046
teem-1.6.0-src,accessors.c.o,8152
teem-1.6.0-src,aniso.c.o,4293
teem-1.6.0-src,apply1D.c.o,9699
teem-1.6.0-src,arith.c.o,7218
teem-1.6.0-src,array.c.o,998
teem-1.6.0-src,arraysNrrd.c.o,0
teem-1.6.0-src,ax.c.o,3474
teem-1.6.0-src,axdelete.c.o,1778
teem-1.6.0-src,axinfo.c.o,1834
teem-1.6.0-src,axinsert.c.o,1436
teem-1.6.0-src,axis.c.o,3330
teem-1.6.0-src,axmerge.c.o,1744
teem-1.6.0-src,axsplit.c.o,1456
teem-1.6.0-src,bday.c.o,1356
teem-1.6.0-src,biff.c.o,3369
teem-1.6.0-src,bimod.c.o,6178
teem-1.6.0-src,block.c.o,1407
teem-1.6.0-src,bounds.c.o,5419
teem-1.6.0-src,bow.c.o,752
teem-1.6.0-src,cam.c.o,4873
teem-1.6.0-src,cc.c.o,14563
teem-1.6.0-src,ccadj.c.o,1450
teem-1.6.0-src,ccfind.c.o,2116
teem-1.6.0-src,ccmerge.c.o,3220
teem-1.6.0-src,ccmethods.c.o,1612
teem-1.6.0-src,ccsettle.c.o,1359
teem-1.6.0-src,chan.c.o,9509
teem-1.6.0-src,clip.c.o,1139
teem-1.6.0-src,cmedian.c.o,3007
teem-1.6.0-src,color.c.o,7732
teem-1.6.0-src,comment.c.o,813
teem-1.6.0-src,conv.c.o,533
teem-1.6.0-src,convert.c.o,1440
teem-1.6.0-src,convertDye.c.o,3985
teem-1.6.0-src,convertNrrd.c.o,4806
teem-1.6.0-src,convo.c.o,2821
teem-1.6.0-src,coreAlan.c.o,5314
teem-1.6.0-src,crop.c.o,1766
teem-1.6.0-src,ctx.c.o,6039
teem-1.6.0-src,cubicEll.c.o,1576
teem-1.6.0-src,data.c.o,1504
teem-1.6.0-src,defaultsBane.c.o,5
teem-1.6.0-src,defaultsGage.c.o,5
teem-1.6.0-src,defaultsHest.c.o,0
teem-1.6.0-src,defaultsHoover.c.o,7
teem-1.6.0-src,defaultsLimn.c.o,5
teem-1.6.0-src,defaultsMite.c.o,5
teem-1.6.0-src,defaultsMoss.c.o,5
teem-1.6.0-src,defaultsNrrd.c.o,710
teem-1.6.0-src,defaultsTen.c.o,16
teem-1.6.0-src,dehex.c.o,969
teem-1.6.0-src,dhisto.c.o,1724
teem-1.6.0-src,dice.c.o,2119
teem-1.6.0-src,dio.c.o,2001
teem-1.6.0-src,doubleprint.c.o,732
teem-1.6.0-src,eigen.c.o,3039
teem-1.6.0-src,encoding.c.o,791
teem-1.6.0-src,encodingAscii.c.o,1935
teem-1.6.0-src,encodingBzip2.c.o,686
teem-1.6.0-src,encodingGzip.c.o,757
teem-1.6.0-src,encodingHex.c.o,1842
teem-1.6.0-src,encodingRaw.c.o,2484
teem-1.6.0-src,endianAir.c.o,4
teem-1.6.0-src,endianNrrd.c.o,477
teem-1.6.0-src,enhex.c.o,867
teem-1.6.0-src,enum.c.o,1558
teem-1.6.0-src,enumsAlan.c.o,0
teem-1.6.0-src,enumsEcho.c.o,0
teem-1.6.0-src,enumsNrrd.c.o,0
teem-1.6.0-src,enumsTen.c.o,0
teem-1.6.0-src,env.c.o,1428
teem-1.6.0-src,epireg.c.o,17234
teem-1.6.0-src,ex0.c.o,765
teem-1.6.0-src,ex1.c.o,1590
teem-1.6.0-src,ex2.c.o,1286
teem-1.6.0-src,ex3.c.o,2019
teem-1.6.0-src,ex4.c.o,1482
teem-1.6.0-src,ex5.c.o,1199
teem-1.6.0-src,fiber.c.o,4113
teem-1.6.0-src,fiberMethods.c.o,3577
teem-1.6.0-src,filt.c.o,8588
teem-1.6.0-src,filter.c.o,3599
teem-1.6.0-src,flip.c.o,1103
teem-1.6.0-src,floatprint.c.o,726
teem-1.6.0-src,flotsam.c.o,3281
teem-1.6.0-src,format.c.o,939
teem-1.6.0-src,formatEPS.c.o,2905
teem-1.6.0-src,formatNRRD.c.o,4694
teem-1.6.0-src,formatPNG.c.o,946
teem-1.6.0-src,formatPNM.c.o,3959
teem-1.6.0-src,formatText.c.o,3595
teem-1.6.0-src,formatVTK.c.o,6953
teem-1.6.0-src,fp.c.o,1843
teem-1.6.0-src,gamma.c.o,1731
teem-1.6.0-src,genmat.c.o,3930
teem-1.6.0-src,genvol.c.o,2216
teem-1.6.0-src,gkmsFlotsam.c.o,2568
teem-1.6.0-src,gkmsHvol.c.o,3317
teem-1.6.0-src,gkmsInfo.c.o,1658
teem-1.6.0-src,gkmsMite.c.o,1476
teem-1.6.0-src,gkmsOpac.c.o,3854
teem-1.6.0-src,gkmsPvg.c.o,3185
teem-1.6.0-src,gkmsScat.c.o,1927
teem-1.6.0-src,gkmsTxf.c.o,3537
teem-1.6.0-src,glyph.c.o,6036
teem-1.6.0-src,gzio.c.o,0
teem-1.6.0-src,head.c.o,1735
teem-1.6.0-src,heq.c.o,2490
teem-1.6.0-src,hestLimn.c.o,1468
teem-1.6.0-src,hestMoss.c.o,1429
teem-1.6.0-src,hestNrrd.c.o,1514
teem-1.6.0-src,histax.c.o,1803
teem-1.6.0-src,histo.c.o,1963
teem-1.6.0-src,histogram.c.o,7852
teem-1.6.0-src,hvol.c.o,8734
teem-1.6.0-src,imap.c.o,2953
teem-1.6.0-src,inc.c.o,3406
teem-1.6.0-src,inset.c.o,1750
teem-1.6.0-src,intx.c.o,10480
teem-1.6.0-src,invert.c.o,933
teem-1.6.0-src,io.c.o,979
teem-1.6.0-src,iter.c.o,961
teem-1.6.0-src,jhisto.c.o,3102
teem-1.6.0-src,join.c.o,1811
teem-1.6.0-src,kernel.c.o,21868
teem-1.6.0-src,keyvalue.c.o,1398
teem-1.6.0-src,kv.c.o,488
teem-1.6.0-src,light.c.o,617
teem-1.6.0-src,lightEcho.c.o,703
teem-1.6.0-src,list.c.o,2282
teem-1.6.0-src,lut.c.o,2511
teem-1.6.0-src,make.c.o,7858
teem-1.6.0-src,map.c.o,377
teem-1.6.0-src,mat.c.o,13117
teem-1.6.0-src,matter.c.o,435
teem-1.6.0-src,measr.c.o,436
teem-1.6.0-src,measure.c.o,10905
teem-1.6.0-src,methodsAlan.c.o,2748
teem-1.6.0-src,methodsBane.c.o,848
teem-1.6.0-src,methodsDye.c.o,1492
teem-1.6.0-src,methodsEcho.c.o,935
teem-1.6.0-src,methodsHest.c.o,3666
teem-1.6.0-src,methodsHoover.c.o,1870
teem-1.6.0-src,methodsLimn.c.o,511
teem-1.6.0-src,methodsMoss.c.o,1412
teem-1.6.0-src,methodsNrrd.c.o,6267
teem-1.6.0-src,minmax.c.o,398
teem-1.6.0-src,miscAir.c.o,4778
teem-1.6.0-src,miscEll.c.o,1039
teem-1.6.0-src,miscGage.c.o,804
teem-1.6.0-src,miscTen.c.o,4512
teem-1.6.0-src,mod.c.o,4232
teem-1.6.0-src,model.c.o,1323
teem-1.6.0-src,mop.c.o,1568
teem-1.6.0-src,obj.c.o,1369
teem-1.6.0-src,objmethods.c.o,1577
teem-1.6.0-src,opac.c.o,661
teem-1.6.0-src,pad.c.o,2206
teem-1.6.0-src,parseAir.c.o,2643
teem-1.6.0-src,parseHest.c.o,17109
teem-1.6.0-src,parseNrrd.c.o,7918
teem-1.6.0-src,permute.c.o,1298
teem-1.6.0-src,pos.c.o,738
teem-1.6.0-src,print.c.o,6335
teem-1.6.0-src,project.c.o,2296
teem-1.6.0-src,pvl.c.o,2036
teem-1.6.0-src,qn.c.o,3049
teem-1.6.0-src,quadvol.c.o,1925
teem-1.6.0-src,quantize.c.o,1986
teem-1.6.0-src,quat.c.o,12563
teem-1.6.0-src,range.c.o,1013
teem-1.6.0-src,rangeBane.c.o,1026
teem-1.6.0-src,ray.c.o,3833
teem-1.6.0-src,rays.c.o,3406
teem-1.6.0-src,read.c.o,3782
teem-1.6.0-src,renderEcho.c.o,5521
teem-1.6.0-src,renderLimn.c.o,3669
teem-1.6.0-src,renderMite.c.o,1471
teem-1.6.0-src,reorder.c.o,12191
teem-1.6.0-src,resample.c.o,3896
teem-1.6.0-src,resampleNrrd.c.o,8238
teem-1.6.0-src,reshape.c.o,1263
teem-1.6.0-src,rmap.c.o,2951
teem-1.6.0-src,sampler.c.o,2948
teem-1.6.0-src,sane.c.o,3139
teem-1.6.0-src,save.c.o,3380
teem-1.6.0-src,scat.c.o,1039
teem-1.6.0-src,scl.c.o,0
teem-1.6.0-src,sclanswer.c.o,5608
teem-1.6.0-src,sclfilter.c.o,8103
teem-1.6.0-src,sclprint.c.o,961
teem-1.6.0-src,set.c.o,1215
teem-1.6.0-src,shape.c.o,3610
teem-1.6.0-src,shapes.c.o,5694
teem-1.6.0-src,shuffle.c.o,2103
teem-1.6.0-src,sigma.c.o,243
teem-1.6.0-src,simple.c.o,6054
teem-1.6.0-src,slice.c.o,1629
teem-1.6.0-src,soid.c.o,4333
teem-1.6.0-src,sort3.c.o,722
teem-1.6.0-src,splice.c.o,1712
teem-1.6.0-src,splineEval.c.o,5394
teem-1.6.0-src,splineMethods.c.o,5955
teem-1.6.0-src,splineMisc.c.o,3001
teem-1.6.0-src,sqd.c.o,6868
teem-1.6.0-src,st.c.o,4211
teem-1.6.0-src,string.c.o,1656
teem-1.6.0-src,strings.c.o,1345
teem-1.6.0-src,stub.c.o,217
teem-1.6.0-src,subset.c.o,3459
teem-1.6.0-src,superset.c.o,6133
teem-1.6.0-src,swap.c.o,1209
teem-1.6.0-src,tbc.c.o,2179
teem-1.6.0-src,tblah.c.o,1421
teem-1.6.0-src,tcam.c.o,1380
teem-1.6.0-src,tcamanim.c.o,4373
teem-1.6.0-src,tem.c.o,1372
teem-1.6.0-src,tenGage.c.o,4731
teem-1.6.0-src,tendAnhist.c.o,1514
teem-1.6.0-src,tendAnplot.c.o,1990
teem-1.6.0-src,tendAnscale.c.o,1787
teem-1.6.0-src,tendAnvol.c.o,1829
teem-1.6.0-src,tendBmat.c.o,1556
teem-1.6.0-src,tendEllipse.c.o,3040
teem-1.6.0-src,tendEpireg.c.o,5362
teem-1.6.0-src,tendEstim.c.o,4543
teem-1.6.0-src,tendEval.c.o,2186
teem-1.6.0-src,tendEvaladd.c.o,1282
teem-1.6.0-src,tendEvalclamp.c.o,1611
teem-1.6.0-src,tendEvalpow.c.o,1193
teem-1.6.0-src,tendEvec.c.o,2202
teem-1.6.0-src,tendEvecrgb.c.o,2367
teem-1.6.0-src,tendEvq.c.o,2582
teem-1.6.0-src,tendExpand.c.o,1780
teem-1.6.0-src,tendFiber.c.o,3153
teem-1.6.0-src,tendFlotsam.c.o,1621
teem-1.6.0-src,tendGlyph.c.o,8199
teem-1.6.0-src,tendMake.c.o,1190
teem-1.6.0-src,tendNorm.c.o,1673
teem-1.6.0-src,tendPoint.c.o,1899
teem-1.6.0-src,tendSatin.c.o,6065
teem-1.6.0-src,tendShrink.c.o,1166
teem-1.6.0-src,tendSim.c.o,1675
teem-1.6.0-src,tendSlice.c.o,1400
teem-1.6.0-src,tendSten.c.o,1734
teem-1.6.0-src,tensor.c.o,6865
teem-1.6.0-src,test.c.o,1216
teem-1.6.0-src,tg.c.o,2736
teem-1.6.0-src,thread.c.o,417
teem-1.6.0-src,threadAir.c.o,1628
teem-1.6.0-src,tinfo.c.o,711
teem-1.6.0-src,tkernel.c.o,2263
teem-1.6.0-src,tline.c.o,581
teem-1.6.0-src,tmfKernel.c.o,159547
teem-1.6.0-src,tmop.c.o,877
teem-1.6.0-src,tok.c.o,396
teem-1.6.0-src,tps.c.o,3162
teem-1.6.0-src,tq.c.o,5120
teem-1.6.0-src,trand.c.o,250
teem-1.6.0-src,transform.c.o,2431
teem-1.6.0-src,tread.c.o,373
teem-1.6.0-src,trend.c.o,9682
teem-1.6.0-src,trex.c.o,477
teem-1.6.0-src,trnsf.c.o,5494
teem-1.6.0-src,tspline.c.o,2491
teem-1.6.0-src,tspot.c.o,1275
teem-1.6.0-src,tt.c.o,2783
teem-1.6.0-src,txf.c.o,4470
teem-1.6.0-src,typestest.c.o,440
teem-1.6.0-src,unblock.c.o,1477
teem-1.6.0-src,unquantize.c.o,1528
teem-1.6.0-src,update.c.o,6478
teem-1.6.0-src,usage.c.o,3704
teem-1.6.0-src,user.c.o,1135
teem-1.6.0-src,valid.c.o,2857
teem-1.6.0-src,vecEll.c.o,1219
teem-1.6.0-src,vecGage.c.o,3362
teem-1.6.0-src,vecprint.c.o,110
teem-1.6.0-src,winKernel.c.o,17987
teem-1.6.0-src,write.c.o,6014
teem-1.6.0-src,xform.c.o,3882
ttt-0.10.1.preproc,connect4.o,7569
ttt-0.10.1.preproc,engine.o,3992
ttt-0.10.1.preproc,main.o,1907
ttt-0.10.1.preproc,parse.o,2646
ttt-0.10.1.preproc,ttt.o,10373
ttt-0.10.1.preproc,util.o,2501
unrarlib-0.4.0,getfile.c.o,867
unrarlib-0.4.0,listarchive.c.o,1079
unrarlib-0.4.0,unrarlib.c.o,13847
libpng-1.2.5,png.c.o,3557
libpng-1.2.5,png2pnm.c.o,3345
libpng-1.2.5,pngerror.c.o,1283
libpng-1.2.5,pngget.c.o,3686
libpng-1.2.5,pngmem.c.o,913
libpng-1.2.5,pngpread.c.o,8065
libpng-1.2.5,pngread.c.o,7647
libpng-1.2.5,pngrio.c.o,438
libpng-1.2.5,pngrtran.c.o,21449
libpng-1.2.5,pngrutil.c.o,19444
libpng-1.2.5,pngset.c.o,7370
libpng-1.2.5,pngtest.c.o,7715
libpng-1.2.5,pngtrans.c.o,2275
libpng-1.2.5,pngwio.c.o,515
libpng-1.2.5,pngwrite.c.o,7610
libpng-1.2.5,pngwtran.c.o,1872
libpng-1.2.5,pngwutil.c.o,16482
libpng-1.2.5,pnm2png.c.o,3844
flex-2.5.31,buf.c.o,1550
flex-2.5.31,ccl.c.o,1167
flex-2.5.31,dfa.c.o,7169
flex-2.5.31,ecs.c.o,675
flex-2.5.31,filter.c.o,2641
flex-2.5.31,gen.c.o,23500
flex-2.5.31,libmain.c.o,64
flex-2.5.31,libyywrap.c.o,54
flex-2.5.31,main.c.o,17570
flex-2.5.31,misc.c.o,7014
flex-2.5.31,nfa.c.o,4012
flex-2.5.31,options.c.o,1230
flex-2.5.31,parse.c.o,10836
flex-2.5.31,regex.c.o,800
flex-2.5.31,scan.c.o,44127
flex-2.5.31,scanopt.c.o,4125
flex-2.5.31,skel.c.o,79802
flex-2.5.31,sym.c.o,1200
flex-2.5.31,tables.c.o,2756
flex-2.5.31,tables_shared.c.o,77
flex-2.5.31,tblcmp.c.o,4010
flex-2.5.31,yylex.c.o,1024
cg_compiler_opensrc,atom.c.o,4421
cg_compiler_opensrc,binding.c.o,2649
cg_compiler_opensrc,cgcmain.c.o,2748
cg_compiler_opensrc,cgstruct.c.o,150
cg_compiler_opensrc,check.c.o,3965
cg_compiler_opensrc,compile.c.o,18086
cg_compiler_opensrc,constfold.c.o,5105
cg_compiler_opensrc,cpp.c.o,7774
cg_compiler_opensrc,generic_hal.c.o,2131
cg_compiler_opensrc,hal.c.o,3386
cg_compiler_opensrc,inline.c.o,3291
cg_compiler_opensrc,memory.c.o,823
cg_compiler_opensrc,parser.c.o,16233
cg_compiler_opensrc,printutils.c.o,12524
cg_compiler_opensrc,scanner.c.o,8642
cg_compiler_opensrc,semantic.c.o,4957
cg_compiler_opensrc,stdlib.c.o,10
cg_compiler_opensrc,support.c.o,28947
cg_compiler_opensrc,support_iter.c.o,3145
cg_compiler_opensrc,symbols.c.o,8816
cg_compiler_opensrc,tokenize.c.o,959
cg_compiler_opensrc,tokens.c.o,3473
lwip-0.5.3.preproc,api_lib.o,5147
lwip-0.5.3.preproc,api_msg.o,4332
lwip-0.5.3.preproc,arp.o,2424
lwip-0.5.3.preproc,err.o,0
lwip-0.5.3.preproc,fs.o,40271
lwip-0.5.3.preproc,httpd.o,1614
lwip-0.5.3.preproc,icmp.o,1693
lwip-0.5.3.preproc,inet.o,946
lwip-0.5.3.preproc,ip.o,2968
lwip-0.5.3.preproc,ip_addr.o,0
lwip-0.5.3.preproc,loopif.o,313
lwip-0.5.3.preproc,mem.o,2133
lwip-0.5.3.preproc,memp.o,2054
lwip-0.5.3.preproc,netif.o,798
lwip-0.5.3.preproc,pbuf.o,3367
lwip-0.5.3.preproc,shell.o,12497
lwip-0.5.3.preproc,simhost.o,722
lwip-0.5.3.preproc,simnode.o,659
lwip-0.5.3.preproc,simrouter.o,844
lwip-0.5.3.preproc,sockets.o,2686
lwip-0.5.3.preproc,stats.o,78
lwip-0.5.3.preproc,sys.o,1044
lwip-0.5.3.preproc,tcp.o,6733
lwip-0.5.3.preproc,tcp_input.o,10939
lwip-0.5.3.preproc,tcp_output.o,5832
lwip-0.5.3.preproc,tcpdump.o,1993
lwip-0.5.3.preproc,tcpecho.o,332
lwip-0.5.3.preproc,tcpip.o,706
lwip-0.5.3.preproc,udp.o,2607
lwip-0.5.3.preproc,udpecho.o,394
