Compiler version,clang version 9.0.0 (trunk 363759)
Compiler flags,-Os

Date,2019-06-19
Revision,363759

mpgcut-1.1,mpgcut.c.o,12248
jpeg-6b,ansi2knr.c.o,3303
jpeg-6b,cdjpeg.c.o,277
jpeg-6b,cjpeg.c.o,6388
jpeg-6b,ckconfig.c.o,2575
jpeg-6b,djpeg.c.o,6917
jpeg-6b,jcapimin.c.o,1217
jpeg-6b,jcapistd.c.o,675
jpeg-6b,jccoefct.c.o,2600
jpeg-6b,jccolor.c.o,1875
jpeg-6b,jcdctmgr.c.o,1977
jpeg-6b,jchuff.c.o,5779
jpeg-6b,jcinit.c.o,239
jpeg-6b,jcmainct.c.o,625
jpeg-6b,jcmarker.c.o,3131
jpeg-6b,jcmaster.c.o,3428
jpeg-6b,jcomapi.c.o,272
jpeg-6b,jcparam.c.o,4057
jpeg-6b,jcphuff.c.o,6656
jpeg-6b,jcprepct.c.o,2125
jpeg-6b,jcsample.c.o,3191
jpeg-6b,jctrans.c.o,1933
jpeg-6b,jdapimin.c.o,1594
jpeg-6b,jdapistd.c.o,1319
jpeg-6b,jdatadst.c.o,499
jpeg-6b,jdatasrc.c.o,522
jpeg-6b,jdcoefct.c.o,4788
jpeg-6b,jdcolor.c.o,1737
jpeg-6b,jddctmgr.c.o,1102
jpeg-6b,jdhuff.c.o,3243
jpeg-6b,jdinput.c.o,1791
jpeg-6b,jdmainct.c.o,2099
jpeg-6b,jdmarker.c.o,8397
jpeg-6b,jdmaster.c.o,2453
jpeg-6b,jdmerge.c.o,1825
jpeg-6b,jdphuff.c.o,3817
jpeg-6b,jdpostct.c.o,1183
jpeg-6b,jdsample.c.o,2351
jpeg-6b,jdtrans.c.o,494
jpeg-6b,jerror.c.o,6276
jpeg-6b,jfdctflt.c.o,981
jpeg-6b,jfdctfst.c.o,1200
jpeg-6b,jfdctint.c.o,850
jpeg-6b,jidctflt.c.o,1181
jpeg-6b,jidctfst.c.o,1080
jpeg-6b,jidctint.c.o,1347
jpeg-6b,jidctred.c.o,1497
jpeg-6b,jmemmgr.c.o,4743
jpeg-6b,jmemnobs.c.o,236
jpeg-6b,jpegtran.c.o,4441
jpeg-6b,jquant1.c.o,3909
jpeg-6b,jquant2.c.o,5635
jpeg-6b,jutils.c.o,623
jpeg-6b,rdbmp.c.o,2954
jpeg-6b,rdcolmap.c.o,1314
jpeg-6b,rdgif.c.o,139
jpeg-6b,rdjpgcom.c.o,2655
jpeg-6b,rdppm.c.o,2492
jpeg-6b,rdrle.c.o,0
jpeg-6b,rdswitch.c.o,2703
jpeg-6b,rdtarga.c.o,2431
jpeg-6b,transupp.c.o,5889
jpeg-6b,wrbmp.c.o,2219
jpeg-6b,wrgif.c.o,1849
jpeg-6b,wrjpgcom.c.o,3469
jpeg-6b,wrppm.c.o,889
jpeg-6b,wrrle.c.o,0
jpeg-6b,wrtarga.c.o,1165
zlib-1.1.4,adler32.c.o,467
zlib-1.1.4,compress.c.o,256
zlib-1.1.4,crc32.c.o,2421
zlib-1.1.4,deflate.c.o,7419
zlib-1.1.4,example.c.o,5013
zlib-1.1.4,gzio.c.o,5054
zlib-1.1.4,infblock.c.o,4624
zlib-1.1.4,infcodes.c.o,2374
zlib-1.1.4,inffast.c.o,1253
zlib-1.1.4,inflate.c.o,2313
zlib-1.1.4,inftrees.c.o,2760
zlib-1.1.4,infutil.c.o,382
zlib-1.1.4,minigzip.c.o,1617
zlib-1.1.4,trees.c.o,9574
zlib-1.1.4,uncompr.c.o,224
zlib-1.1.4,zutil.c.o,268
replaypc-0.4.0.preproc,ReplayPC.o,6092
replaypc-0.4.0.preproc,addressbook.o,1183
replaypc-0.4.0.preproc,bigfile.o,681
replaypc-0.4.0.preproc,build-ndx.o,1000
replaypc-0.4.0.preproc,cg.o,3613
replaypc-0.4.0.preproc,channelset.o,385
replaypc-0.4.0.preproc,crypt-test.o,2398
replaypc-0.4.0.preproc,crypt.o,1496
replaypc-0.4.0.preproc,dump-addressbook.o,788
replaypc-0.4.0.preproc,dump-cg2.o,734
replaypc-0.4.0.preproc,dump-channelset.o,624
replaypc-0.4.0.preproc,dump-filedarray.o,824
replaypc-0.4.0.preproc,dump-guide.o,973
replaypc-0.4.0.preproc,dump-headend.o,597
replaypc-0.4.0.preproc,dump-programset.o,1005
replaypc-0.4.0.preproc,dump-replaychannels.o,531
replaypc-0.4.0.preproc,dump-replayshows.o,526
replaypc-0.4.0.preproc,dump-zipcode2.o,526
replaypc-0.4.0.preproc,dump.o,2649
replaypc-0.4.0.preproc,filedarray.o,434
replaypc-0.4.0.preproc,find-GOPs.o,518
replaypc-0.4.0.preproc,guide.o,10278
replaypc-0.4.0.preproc,guideclient.o,1230
replaypc-0.4.0.preproc,headend.o,1386
replaypc-0.4.0.preproc,httpclient.o,4659
replaypc-0.4.0.preproc,httpfs.o,9409
replaypc-0.4.0.preproc,httpfsclient.o,3904
replaypc-0.4.0.preproc,mark-commercial.o,2768
replaypc-0.4.0.preproc,ndx-dump.o,5679
replaypc-0.4.0.preproc,ndx.o,913
replaypc-0.4.0.preproc,program.o,2993
replaypc-0.4.0.preproc,rddns.o,948
replaypc-0.4.0.preproc,rddnsclient.o,1870
replaypc-0.4.0.preproc,rtv.o,1810
replaypc-0.4.0.preproc,rtvguide.o,2019
replaypc-0.4.0.preproc,sleep.o,90
replaypc-0.4.0.preproc,un-protect.o,1654
replaypc-0.4.0.preproc,version-test.o,279
replaypc-0.4.0.preproc,zipcode.o,611
OpenTCP-1.0.4,arp.c.o,2637
OpenTCP-1.0.4,bootp.c.o,865
OpenTCP-1.0.4,dhcpc.c.o,1654
OpenTCP-1.0.4,dns.c.o,1525
OpenTCP-1.0.4,ethernet.c.o,1626
OpenTCP-1.0.4,http_server.c.o,1968
OpenTCP-1.0.4,https_callbacks.c.o,810
OpenTCP-1.0.4,icmp.c.o,489
OpenTCP-1.0.4,ip.c.o,3067
OpenTCP-1.0.4,main_demo.c.o,329
OpenTCP-1.0.4,pop3_client.c.o,5185
OpenTCP-1.0.4,pop3c_callbacks.c.o,179
OpenTCP-1.0.4,smtp_client.c.o,3204
OpenTCP-1.0.4,smtpc_callbacks.c.o,192
OpenTCP-1.0.4,system.c.o,1274
OpenTCP-1.0.4,tcp.c.o,7646
OpenTCP-1.0.4,tcp_client_demo.c.o,465
OpenTCP-1.0.4,tcp_server_demo.c.o,461
OpenTCP-1.0.4,tftps.c.o,1080
OpenTCP-1.0.4,timers.c.o,384
OpenTCP-1.0.4,udp.c.o,1779
OpenTCP-1.0.4,udp_demo.c.o,331
bzip2-1.0.2,blocksort.c.o,7099
bzip2-1.0.2,bzip2.c.o,18562
bzip2-1.0.2,bzip2recover.c.o,4153
bzip2-1.0.2,bzlib.c.o,12799
bzip2-1.0.2,compress.c.o,15127
bzip2-1.0.2,crctable.c.o,0
bzip2-1.0.2,decompress.c.o,11357
bzip2-1.0.2,huffman.c.o,1438
bzip2-1.0.2,randtable.c.o,0
mpeg2dec-0.3.1,alloc.c.o,195
mpeg2dec-0.3.1,cpu_accel.c.o,51
mpeg2dec-0.3.1,cpu_state.c.o,49
mpeg2dec-0.3.1,decode.c.o,3556
mpeg2dec-0.3.1,extract_mpeg2.c.o,4093
mpeg2dec-0.3.1,getopt.c.o,0
mpeg2dec-0.3.1,gettimeofday.c.o,0
mpeg2dec-0.3.1,header.c.o,5038
mpeg2dec-0.3.1,idct.c.o,4469
mpeg2dec-0.3.1,idct_alpha.c.o,0
mpeg2dec-0.3.1,idct_altivec.c.o,0
mpeg2dec-0.3.1,idct_mlib.c.o,0
mpeg2dec-0.3.1,idct_mmx.c.o,0
mpeg2dec-0.3.1,motion_comp.c.o,6351
mpeg2dec-0.3.1,motion_comp_alpha.c.o,0
mpeg2dec-0.3.1,motion_comp_altivec.c.o,0
mpeg2dec-0.3.1,motion_comp_mlib.c.o,0
mpeg2dec-0.3.1,motion_comp_mmx.c.o,0
mpeg2dec-0.3.1,mpeg2dec.c.o,5611
mpeg2dec-0.3.1,slice.c.o,26963
mpeg2dec-0.3.1,video_out.c.o,112
mpeg2dec-0.3.1,video_out_dx.c.o,0
mpeg2dec-0.3.1,video_out_null.c.o,586
mpeg2dec-0.3.1,video_out_pgm.c.o,917
mpeg2dec-0.3.1,video_out_sdl.c.o,1064
mpeg2dec-0.3.1,video_out_x11.c.o,0
mpeg2dec-0.3.1,yuv2rgb.c.o,5231
mpeg2dec-0.3.1,yuv2rgb_mlib.c.o,0
mpeg2dec-0.3.1,yuv2rgb_mmx.c.o,0
jikespg-1.3,ctabs.c.o,48963
jikespg-1.3,globals.c.o,56
jikespg-1.3,lpgparse.c.o,48015
jikespg-1.3,lpgutil.c.o,6429
jikespg-1.3,main.c.o,6878
jikespg-1.3,mkfirst.c.o,15800
jikespg-1.3,mkred.c.o,7594
jikespg-1.3,mkstates.c.o,3383
jikespg-1.3,partset.c.o,2061
jikespg-1.3,prntstat.c.o,3872
jikespg-1.3,produce.c.o,12173
jikespg-1.3,ptables.c.o,3402
jikespg-1.3,remsp.c.o,8566
jikespg-1.3,resolve.c.o,15022
jikespg-1.3,spacetab.c.o,21760
jikespg-1.3,tabutil.c.o,14490
jikespg-1.3,timetab.c.o,10391
libmspack,cabc.c.o,68
libmspack,cabd.c.o,7745
libmspack,cabd_md5.c.o,1557
libmspack,cabd_test.c.o,11644
libmspack,cabextract_md5.c.o,28736
libmspack,cabrip.c.o,685
libmspack,chmc.c.o,68
libmspack,chmd.c.o,4394
libmspack,chmd_md5.c.o,1485
libmspack,hlpc.c.o,68
libmspack,hlpd.c.o,68
libmspack,kwajc.c.o,68
libmspack,kwajd.c.o,68
libmspack,litc.c.o,68
libmspack,litd.c.o,68
libmspack,lzxc.c.o,0
libmspack,lzxd.c.o,8576
libmspack,md5.c.o,3461
libmspack,mszipc.c.o,0
libmspack,mszipd.c.o,109
libmspack,qtmc.c.o,0
libmspack,qtmd.c.o,6127
libmspack,system.c.o,1158
libmspack,szddc.c.o,68
libmspack,szddd.c.o,68
compiler,cg.c.o,3719
compiler,main.c.o,3487
compiler,parser.c.o,5960
compiler,scanner.c.o,4136
compiler,vam.c.o,5295
compiler,vas.c.o,7265
teem-1.6.0-src,1op.c.o,2076
teem-1.6.0-src,2op.c.o,2659
teem-1.6.0-src,3op.c.o,2817
teem-1.6.0-src,754.c.o,2271
teem-1.6.0-src,about.c.o,3070
teem-1.6.0-src,accessors.c.o,8301
teem-1.6.0-src,aniso.c.o,4360
teem-1.6.0-src,apply1D.c.o,9864
teem-1.6.0-src,arith.c.o,7385
teem-1.6.0-src,array.c.o,1043
teem-1.6.0-src,arraysNrrd.c.o,0
teem-1.6.0-src,ax.c.o,3415
teem-1.6.0-src,axdelete.c.o,1796
teem-1.6.0-src,axinfo.c.o,1837
teem-1.6.0-src,axinsert.c.o,1452
teem-1.6.0-src,axis.c.o,3296
teem-1.6.0-src,axmerge.c.o,1764
teem-1.6.0-src,axsplit.c.o,1454
teem-1.6.0-src,bday.c.o,1347
teem-1.6.0-src,biff.c.o,3536
teem-1.6.0-src,bimod.c.o,6370
teem-1.6.0-src,block.c.o,1424
teem-1.6.0-src,bounds.c.o,4447
teem-1.6.0-src,bow.c.o,748
teem-1.6.0-src,cam.c.o,4944
teem-1.6.0-src,cc.c.o,15101
teem-1.6.0-src,ccadj.c.o,1470
teem-1.6.0-src,ccfind.c.o,2140
teem-1.6.0-src,ccmerge.c.o,3208
teem-1.6.0-src,ccmethods.c.o,1660
teem-1.6.0-src,ccsettle.c.o,1375
teem-1.6.0-src,chan.c.o,9695
teem-1.6.0-src,clip.c.o,1184
teem-1.6.0-src,cmedian.c.o,2993
teem-1.6.0-src,color.c.o,7915
teem-1.6.0-src,comment.c.o,853
teem-1.6.0-src,conv.c.o,510
teem-1.6.0-src,convert.c.o,1522
teem-1.6.0-src,convertDye.c.o,4112
teem-1.6.0-src,convertNrrd.c.o,4806
teem-1.6.0-src,convo.c.o,2777
teem-1.6.0-src,coreAlan.c.o,5383
teem-1.6.0-src,crop.c.o,1789
teem-1.6.0-src,ctx.c.o,6165
teem-1.6.0-src,cubicEll.c.o,1589
teem-1.6.0-src,data.c.o,1530
teem-1.6.0-src,defaultsBane.c.o,5
teem-1.6.0-src,defaultsGage.c.o,5
teem-1.6.0-src,defaultsHest.c.o,0
teem-1.6.0-src,defaultsHoover.c.o,7
teem-1.6.0-src,defaultsLimn.c.o,5
teem-1.6.0-src,defaultsMite.c.o,5
teem-1.6.0-src,defaultsMoss.c.o,5
teem-1.6.0-src,defaultsNrrd.c.o,723
teem-1.6.0-src,defaultsTen.c.o,16
teem-1.6.0-src,dehex.c.o,954
teem-1.6.0-src,dhisto.c.o,1731
teem-1.6.0-src,dice.c.o,2120
teem-1.6.0-src,dio.c.o,2000
teem-1.6.0-src,doubleprint.c.o,724
teem-1.6.0-src,eigen.c.o,3114
teem-1.6.0-src,encoding.c.o,807
teem-1.6.0-src,encodingAscii.c.o,1984
teem-1.6.0-src,encodingBzip2.c.o,702
teem-1.6.0-src,encodingGzip.c.o,773
teem-1.6.0-src,encodingHex.c.o,1865
teem-1.6.0-src,encodingRaw.c.o,2490
teem-1.6.0-src,endianAir.c.o,4
teem-1.6.0-src,endianNrrd.c.o,517
teem-1.6.0-src,enhex.c.o,858
teem-1.6.0-src,enum.c.o,1603
teem-1.6.0-src,enumsAlan.c.o,0
teem-1.6.0-src,enumsEcho.c.o,0
teem-1.6.0-src,enumsNrrd.c.o,0
teem-1.6.0-src,enumsTen.c.o,0
teem-1.6.0-src,env.c.o,1452
teem-1.6.0-src,epireg.c.o,17582
teem-1.6.0-src,ex0.c.o,765
teem-1.6.0-src,ex1.c.o,1590
teem-1.6.0-src,ex2.c.o,1270
teem-1.6.0-src,ex3.c.o,1983
teem-1.6.0-src,ex4.c.o,1445
teem-1.6.0-src,ex5.c.o,1163
teem-1.6.0-src,fiber.c.o,4206
teem-1.6.0-src,fiberMethods.c.o,3639
teem-1.6.0-src,filt.c.o,8628
teem-1.6.0-src,filter.c.o,3616
teem-1.6.0-src,flip.c.o,1123
teem-1.6.0-src,floatprint.c.o,718
teem-1.6.0-src,flotsam.c.o,3427
teem-1.6.0-src,format.c.o,958
teem-1.6.0-src,formatEPS.c.o,2936
teem-1.6.0-src,formatNRRD.c.o,4745
teem-1.6.0-src,formatPNG.c.o,960
teem-1.6.0-src,formatPNM.c.o,3889
teem-1.6.0-src,formatText.c.o,3606
teem-1.6.0-src,formatVTK.c.o,7049
teem-1.6.0-src,fp.c.o,1816
teem-1.6.0-src,gamma.c.o,1735
teem-1.6.0-src,genmat.c.o,4019
teem-1.6.0-src,genvol.c.o,2251
teem-1.6.0-src,gkmsFlotsam.c.o,2668
teem-1.6.0-src,gkmsHvol.c.o,3352
teem-1.6.0-src,gkmsInfo.c.o,1677
teem-1.6.0-src,gkmsMite.c.o,1478
teem-1.6.0-src,gkmsOpac.c.o,3908
teem-1.6.0-src,gkmsPvg.c.o,3268
teem-1.6.0-src,gkmsScat.c.o,1947
teem-1.6.0-src,gkmsTxf.c.o,3508
teem-1.6.0-src,glyph.c.o,6085
teem-1.6.0-src,gzio.c.o,0
teem-1.6.0-src,head.c.o,1776
teem-1.6.0-src,heq.c.o,2518
teem-1.6.0-src,hestLimn.c.o,1492
teem-1.6.0-src,hestMoss.c.o,1470
teem-1.6.0-src,hestNrrd.c.o,1462
teem-1.6.0-src,histax.c.o,1791
teem-1.6.0-src,histo.c.o,1955
teem-1.6.0-src,histogram.c.o,7913
teem-1.6.0-src,hvol.c.o,8910
teem-1.6.0-src,imap.c.o,2923
teem-1.6.0-src,inc.c.o,3450
teem-1.6.0-src,inset.c.o,1764
teem-1.6.0-src,intx.c.o,10309
teem-1.6.0-src,invert.c.o,952
teem-1.6.0-src,io.c.o,1010
teem-1.6.0-src,iter.c.o,1007
teem-1.6.0-src,jhisto.c.o,3102
teem-1.6.0-src,join.c.o,1795
teem-1.6.0-src,kernel.c.o,22036
teem-1.6.0-src,keyvalue.c.o,1461
teem-1.6.0-src,kv.c.o,485
teem-1.6.0-src,light.c.o,617
teem-1.6.0-src,lightEcho.c.o,733
teem-1.6.0-src,list.c.o,1764
teem-1.6.0-src,lut.c.o,2456
teem-1.6.0-src,make.c.o,7829
teem-1.6.0-src,map.c.o,377
teem-1.6.0-src,mat.c.o,13353
teem-1.6.0-src,matter.c.o,435
teem-1.6.0-src,measr.c.o,436
teem-1.6.0-src,measure.c.o,11406
teem-1.6.0-src,methodsAlan.c.o,2817
teem-1.6.0-src,methodsBane.c.o,851
teem-1.6.0-src,methodsDye.c.o,1573
teem-1.6.0-src,methodsEcho.c.o,975
teem-1.6.0-src,methodsHest.c.o,3769
teem-1.6.0-src,methodsHoover.c.o,1892
teem-1.6.0-src,methodsLimn.c.o,527
teem-1.6.0-src,methodsMoss.c.o,1461
teem-1.6.0-src,methodsNrrd.c.o,6309
teem-1.6.0-src,minmax.c.o,395
teem-1.6.0-src,miscAir.c.o,4830
teem-1.6.0-src,miscEll.c.o,1071
teem-1.6.0-src,miscGage.c.o,844
teem-1.6.0-src,miscTen.c.o,4607
teem-1.6.0-src,mod.c.o,4381
teem-1.6.0-src,model.c.o,1251
teem-1.6.0-src,mop.c.o,1568
teem-1.6.0-src,obj.c.o,1447
teem-1.6.0-src,objmethods.c.o,1649
teem-1.6.0-src,opac.c.o,634
teem-1.6.0-src,pad.c.o,2213
teem-1.6.0-src,parseAir.c.o,2739
teem-1.6.0-src,parseHest.c.o,16766
teem-1.6.0-src,parseNrrd.c.o,8168
teem-1.6.0-src,permute.c.o,1318
teem-1.6.0-src,pos.c.o,722
teem-1.6.0-src,print.c.o,6429
teem-1.6.0-src,project.c.o,2291
teem-1.6.0-src,pvl.c.o,2054
teem-1.6.0-src,qn.c.o,3082
teem-1.6.0-src,quadvol.c.o,1913
teem-1.6.0-src,quantize.c.o,2007
teem-1.6.0-src,quat.c.o,12590
teem-1.6.0-src,range.c.o,1041
teem-1.6.0-src,rangeBane.c.o,1066
teem-1.6.0-src,ray.c.o,3842
teem-1.6.0-src,rays.c.o,3468
teem-1.6.0-src,read.c.o,3872
teem-1.6.0-src,renderEcho.c.o,5653
teem-1.6.0-src,renderLimn.c.o,3832
teem-1.6.0-src,renderMite.c.o,1519
teem-1.6.0-src,reorder.c.o,12494
teem-1.6.0-src,resample.c.o,3896
teem-1.6.0-src,resampleNrrd.c.o,8350
teem-1.6.0-src,reshape.c.o,1283
teem-1.6.0-src,rmap.c.o,2896
teem-1.6.0-src,sampler.c.o,3000
teem-1.6.0-src,sane.c.o,3146
teem-1.6.0-src,save.c.o,3398
teem-1.6.0-src,scat.c.o,1063
teem-1.6.0-src,scl.c.o,0
teem-1.6.0-src,sclanswer.c.o,5612
teem-1.6.0-src,sclfilter.c.o,8081
teem-1.6.0-src,sclprint.c.o,1006
teem-1.6.0-src,set.c.o,1006
teem-1.6.0-src,shape.c.o,3556
teem-1.6.0-src,shapes.c.o,5754
teem-1.6.0-src,shuffle.c.o,2098
teem-1.6.0-src,sigma.c.o,253
teem-1.6.0-src,simple.c.o,6156
teem-1.6.0-src,slice.c.o,1647
teem-1.6.0-src,soid.c.o,4309
teem-1.6.0-src,sort3.c.o,722
teem-1.6.0-src,splice.c.o,1809
teem-1.6.0-src,splineEval.c.o,5486
teem-1.6.0-src,splineMethods.c.o,6043
teem-1.6.0-src,splineMisc.c.o,3039
teem-1.6.0-src,sqd.c.o,6987
teem-1.6.0-src,st.c.o,4139
teem-1.6.0-src,string.c.o,1751
teem-1.6.0-src,strings.c.o,1342
teem-1.6.0-src,stub.c.o,217
teem-1.6.0-src,subset.c.o,3551
teem-1.6.0-src,superset.c.o,6176
teem-1.6.0-src,swap.c.o,1229
teem-1.6.0-src,tbc.c.o,2167
teem-1.6.0-src,tblah.c.o,1403
teem-1.6.0-src,tcam.c.o,1412
teem-1.6.0-src,tcamanim.c.o,4471
teem-1.6.0-src,tem.c.o,1384
teem-1.6.0-src,tenGage.c.o,4889
teem-1.6.0-src,tendAnhist.c.o,1522
teem-1.6.0-src,tendAnplot.c.o,1997
teem-1.6.0-src,tendAnscale.c.o,1819
teem-1.6.0-src,tendAnvol.c.o,1845
teem-1.6.0-src,tendBmat.c.o,1580
teem-1.6.0-src,tendEllipse.c.o,3070
teem-1.6.0-src,tendEpireg.c.o,5304
teem-1.6.0-src,tendEstim.c.o,4515
teem-1.6.0-src,tendEval.c.o,2193
teem-1.6.0-src,tendEvaladd.c.o,1302
teem-1.6.0-src,tendEvalclamp.c.o,1627
teem-1.6.0-src,tendEvalpow.c.o,1213
teem-1.6.0-src,tendEvec.c.o,2210
teem-1.6.0-src,tendEvecrgb.c.o,2358
teem-1.6.0-src,tendEvq.c.o,2589
teem-1.6.0-src,tendExpand.c.o,1796
teem-1.6.0-src,tendFiber.c.o,3165
teem-1.6.0-src,tendFlotsam.c.o,1677
teem-1.6.0-src,tendGlyph.c.o,8176
teem-1.6.0-src,tendMake.c.o,1214
teem-1.6.0-src,tendNorm.c.o,1677
teem-1.6.0-src,tendPoint.c.o,1914
teem-1.6.0-src,tendSatin.c.o,6018
teem-1.6.0-src,tendShrink.c.o,1190
teem-1.6.0-src,tendSim.c.o,1699
teem-1.6.0-src,tendSlice.c.o,1407
teem-1.6.0-src,tendSten.c.o,1730
teem-1.6.0-src,tensor.c.o,7012
teem-1.6.0-src,test.c.o,1240
teem-1.6.0-src,tg.c.o,2779
teem-1.6.0-src,thread.c.o,422
teem-1.6.0-src,threadAir.c.o,1704
teem-1.6.0-src,tinfo.c.o,679
teem-1.6.0-src,tkernel.c.o,2251
teem-1.6.0-src,tline.c.o,581
teem-1.6.0-src,tmfKernel.c.o,157274
teem-1.6.0-src,tmop.c.o,885
teem-1.6.0-src,tok.c.o,387
teem-1.6.0-src,tps.c.o,3177
teem-1.6.0-src,tq.c.o,5099
teem-1.6.0-src,trand.c.o,263
teem-1.6.0-src,transform.c.o,2577
teem-1.6.0-src,tread.c.o,363
teem-1.6.0-src,trend.c.o,10012
teem-1.6.0-src,trex.c.o,493
teem-1.6.0-src,trnsf.c.o,5645
teem-1.6.0-src,tspline.c.o,2459
teem-1.6.0-src,tspot.c.o,1291
teem-1.6.0-src,tt.c.o,2825
teem-1.6.0-src,txf.c.o,4564
teem-1.6.0-src,typestest.c.o,437
teem-1.6.0-src,unblock.c.o,1480
teem-1.6.0-src,unquantize.c.o,1520
teem-1.6.0-src,update.c.o,6575
teem-1.6.0-src,usage.c.o,3837
teem-1.6.0-src,user.c.o,1167
teem-1.6.0-src,valid.c.o,2785
teem-1.6.0-src,vecEll.c.o,1228
teem-1.6.0-src,vecGage.c.o,3387
teem-1.6.0-src,vecprint.c.o,107
teem-1.6.0-src,winKernel.c.o,18371
teem-1.6.0-src,write.c.o,6067
teem-1.6.0-src,xform.c.o,3974
ttt-0.10.1.preproc,connect4.o,7569
ttt-0.10.1.preproc,engine.o,3992
ttt-0.10.1.preproc,main.o,1907
ttt-0.10.1.preproc,parse.o,2646
ttt-0.10.1.preproc,ttt.o,10373
ttt-0.10.1.preproc,util.o,2501
unrarlib-0.4.0,getfile.c.o,864
unrarlib-0.4.0,listarchive.c.o,1048
unrarlib-0.4.0,unrarlib.c.o,13654
libpng-1.2.5,png.c.o,3652
libpng-1.2.5,png2pnm.c.o,3385
libpng-1.2.5,pngerror.c.o,1288
libpng-1.2.5,pngget.c.o,3746
libpng-1.2.5,pngmem.c.o,950
libpng-1.2.5,pngpread.c.o,8464
libpng-1.2.5,pngread.c.o,7932
libpng-1.2.5,pngrio.c.o,462
libpng-1.2.5,pngrtran.c.o,21954
libpng-1.2.5,pngrutil.c.o,20036
libpng-1.2.5,pngset.c.o,7627
libpng-1.2.5,pngtest.c.o,7728
libpng-1.2.5,pngtrans.c.o,2288
libpng-1.2.5,pngwio.c.o,536
libpng-1.2.5,pngwrite.c.o,7936
libpng-1.2.5,pngwtran.c.o,1944
libpng-1.2.5,pngwutil.c.o,16446
libpng-1.2.5,pnm2png.c.o,3890
flex-2.5.31,buf.c.o,1644
flex-2.5.31,ccl.c.o,1217
flex-2.5.31,dfa.c.o,7370
flex-2.5.31,ecs.c.o,709
flex-2.5.31,filter.c.o,2696
flex-2.5.31,gen.c.o,23798
flex-2.5.31,libmain.c.o,64
flex-2.5.31,libyywrap.c.o,54
flex-2.5.31,main.c.o,17654
flex-2.5.31,misc.c.o,7340
flex-2.5.31,nfa.c.o,4164
flex-2.5.31,options.c.o,1230
flex-2.5.31,parse.c.o,10666
flex-2.5.31,regex.c.o,863
flex-2.5.31,scan.c.o,44326
flex-2.5.31,scanopt.c.o,4189
flex-2.5.31,skel.c.o,79802
flex-2.5.31,sym.c.o,1281
flex-2.5.31,tables.c.o,2862
flex-2.5.31,tables_shared.c.o,75
flex-2.5.31,tblcmp.c.o,4252
flex-2.5.31,yylex.c.o,1038
cg_compiler_opensrc,atom.c.o,4559
cg_compiler_opensrc,binding.c.o,2645
cg_compiler_opensrc,cgcmain.c.o,2705
cg_compiler_opensrc,cgstruct.c.o,150
cg_compiler_opensrc,check.c.o,4152
cg_compiler_opensrc,compile.c.o,18684
cg_compiler_opensrc,constfold.c.o,5145
cg_compiler_opensrc,cpp.c.o,7909
cg_compiler_opensrc,generic_hal.c.o,2189
cg_compiler_opensrc,hal.c.o,3496
cg_compiler_opensrc,inline.c.o,3377
cg_compiler_opensrc,memory.c.o,889
cg_compiler_opensrc,parser.c.o,16182
cg_compiler_opensrc,printutils.c.o,12800
cg_compiler_opensrc,scanner.c.o,8774
cg_compiler_opensrc,semantic.c.o,5069
cg_compiler_opensrc,stdlib.c.o,10
cg_compiler_opensrc,support.c.o,30028
cg_compiler_opensrc,support_iter.c.o,3298
cg_compiler_opensrc,symbols.c.o,9095
cg_compiler_opensrc,tokenize.c.o,975
cg_compiler_opensrc,tokens.c.o,3570
lwip-0.5.3.preproc,api_lib.o,5147
lwip-0.5.3.preproc,api_msg.o,4332
lwip-0.5.3.preproc,arp.o,2424
lwip-0.5.3.preproc,err.o,0
lwip-0.5.3.preproc,fs.o,40271
lwip-0.5.3.preproc,httpd.o,1614
lwip-0.5.3.preproc,icmp.o,1693
lwip-0.5.3.preproc,inet.o,946
lwip-0.5.3.preproc,ip.o,2968
lwip-0.5.3.preproc,ip_addr.o,0
lwip-0.5.3.preproc,loopif.o,313
lwip-0.5.3.preproc,mem.o,2133
lwip-0.5.3.preproc,memp.o,2054
lwip-0.5.3.preproc,netif.o,798
lwip-0.5.3.preproc,pbuf.o,3367
lwip-0.5.3.preproc,shell.o,12497
lwip-0.5.3.preproc,simhost.o,722
lwip-0.5.3.preproc,simnode.o,659
lwip-0.5.3.preproc,simrouter.o,844
lwip-0.5.3.preproc,sockets.o,2686
lwip-0.5.3.preproc,stats.o,78
lwip-0.5.3.preproc,sys.o,1044
lwip-0.5.3.preproc,tcp.o,6733
lwip-0.5.3.preproc,tcp_input.o,10939
lwip-0.5.3.preproc,tcp_output.o,5832
lwip-0.5.3.preproc,tcpdump.o,1993
lwip-0.5.3.preproc,tcpecho.o,332
lwip-0.5.3.preproc,tcpip.o,706
lwip-0.5.3.preproc,udp.o,2607
lwip-0.5.3.preproc,udpecho.o,394
