Compiler version,clang version 9.0.0 (trunk 361686)
Compiler flags,--target=arm-none-eabi -Os -mcpu=cortex-m4 -mthumb -isysroot /usr/lib/arm-none-eabi -iwithsysroot /include

Date,2019-05-25
Revision,361686

mpgcut-1.1,mpgcut.c.obj,14468
jpeg-6b,ansi2knr.c.obj,2660
jpeg-6b,cdjpeg.c.obj,148
jpeg-6b,cjpeg.c.obj,5343
jpeg-6b,ckconfig.c.obj,2290
jpeg-6b,djpeg.c.obj,5925
jpeg-6b,jcapimin.c.obj,724
jpeg-6b,jcapistd.c.obj,418
jpeg-6b,jccoefct.c.obj,1594
jpeg-6b,jccolor.c.obj,1350
jpeg-6b,jcdctmgr.c.obj,1372
jpeg-6b,jchuff.c.obj,3842
jpeg-6b,jcinit.c.obj,156
jpeg-6b,jcmainct.c.obj,364
jpeg-6b,jcmarker.c.obj,1946
jpeg-6b,jcmaster.c.obj,2386
jpeg-6b,jcomapi.c.obj,142
jpeg-6b,jcparam.c.obj,2808
jpeg-6b,jcphuff.c.obj,4680
jpeg-6b,jcprepct.c.obj,1272
jpeg-6b,jcsample.c.obj,1970
jpeg-6b,jctrans.c.obj,1226
jpeg-6b,jdapimin.c.obj,872
jpeg-6b,jdapistd.c.obj,790
jpeg-6b,jdatadst.c.obj,268
jpeg-6b,jdatasrc.c.obj,308
jpeg-6b,jdcoefct.c.obj,2876
jpeg-6b,jdcolor.c.obj,1170
jpeg-6b,jddctmgr.c.obj,782
jpeg-6b,jdhuff.c.obj,2220
jpeg-6b,jdinput.c.obj,1208
jpeg-6b,jdmainct.c.obj,1430
jpeg-6b,jdmarker.c.obj,5396
jpeg-6b,jdmaster.c.obj,1456
jpeg-6b,jdmerge.c.obj,1258
jpeg-6b,jdphuff.c.obj,2626
jpeg-6b,jdpostct.c.obj,738
jpeg-6b,jdsample.c.obj,1570
jpeg-6b,jdtrans.c.obj,264
jpeg-6b,jerror.c.obj,5500
jpeg-6b,jfdctflt.c.obj,468
jpeg-6b,jfdctfst.c.obj,398
jpeg-6b,jfdctint.c.obj,628
jpeg-6b,jidctflt.c.obj,868
jpeg-6b,jidctfst.c.obj,804
jpeg-6b,jidctint.c.obj,1032
jpeg-6b,jidctred.c.obj,1192
jpeg-6b,jmemmgr.c.obj,2892
jpeg-6b,jmemnobs.c.obj,108
jpeg-6b,jpegtran.c.obj,3686
jpeg-6b,jquant1.c.obj,2544
jpeg-6b,jquant2.c.obj,3468
jpeg-6b,jutils.c.obj,456
jpeg-6b,rdbmp.c.obj,1860
jpeg-6b,rdcolmap.c.obj,1264
jpeg-6b,rdgif.c.obj,99
jpeg-6b,rdjpgcom.c.obj,2339
jpeg-6b,rdppm.c.obj,1532
jpeg-6b,rdrle.c.obj,0
jpeg-6b,rdswitch.c.obj,1888
jpeg-6b,rdtarga.c.obj,1730
jpeg-6b,transupp.c.obj,4068
jpeg-6b,wrbmp.c.obj,2614
jpeg-6b,wrgif.c.obj,2814
jpeg-6b,wrjpgcom.c.obj,3413
jpeg-6b,wrppm.c.obj,586
jpeg-6b,wrrle.c.obj,0
jpeg-6b,wrtarga.c.obj,960
zlib-1.1.4,adler32.c.obj,274
zlib-1.1.4,compress.c.obj,140
zlib-1.1.4,crc32.c.obj,1260
zlib-1.1.4,deflate.c.obj,4984
zlib-1.1.4,example.c.obj,4287
zlib-1.1.4,gzio.c.obj,2935
zlib-1.1.4,infblock.c.obj,3040
zlib-1.1.4,infcodes.c.obj,1764
zlib-1.1.4,inffast.c.obj,956
zlib-1.1.4,inflate.c.obj,1555
zlib-1.1.4,inftrees.c.obj,2113
zlib-1.1.4,infutil.c.obj,244
zlib-1.1.4,minigzip.c.obj,1165
zlib-1.1.4,trees.c.obj,7556
zlib-1.1.4,uncompr.c.obj,106
zlib-1.1.4,zutil.c.obj,197
replaypc-0.4.0.preproc,ReplayPC.o,6092
replaypc-0.4.0.preproc,addressbook.o,1183
replaypc-0.4.0.preproc,bigfile.o,681
replaypc-0.4.0.preproc,build-ndx.o,1000
replaypc-0.4.0.preproc,cg.o,3613
replaypc-0.4.0.preproc,channelset.o,385
replaypc-0.4.0.preproc,crypt-test.o,2398
replaypc-0.4.0.preproc,crypt.o,1496
replaypc-0.4.0.preproc,dump-addressbook.o,788
replaypc-0.4.0.preproc,dump-cg2.o,734
replaypc-0.4.0.preproc,dump-channelset.o,624
replaypc-0.4.0.preproc,dump-filedarray.o,824
replaypc-0.4.0.preproc,dump-guide.o,973
replaypc-0.4.0.preproc,dump-headend.o,597
replaypc-0.4.0.preproc,dump-programset.o,1005
replaypc-0.4.0.preproc,dump-replaychannels.o,531
replaypc-0.4.0.preproc,dump-replayshows.o,526
replaypc-0.4.0.preproc,dump-zipcode2.o,526
replaypc-0.4.0.preproc,dump.o,2649
replaypc-0.4.0.preproc,filedarray.o,434
replaypc-0.4.0.preproc,find-GOPs.o,518
replaypc-0.4.0.preproc,guide.o,10278
replaypc-0.4.0.preproc,guideclient.o,1230
replaypc-0.4.0.preproc,headend.o,1386
replaypc-0.4.0.preproc,httpclient.o,4659
replaypc-0.4.0.preproc,httpfs.o,9409
replaypc-0.4.0.preproc,httpfsclient.o,3904
replaypc-0.4.0.preproc,mark-commercial.o,2768
replaypc-0.4.0.preproc,ndx-dump.o,5679
replaypc-0.4.0.preproc,ndx.o,913
replaypc-0.4.0.preproc,program.o,2993
replaypc-0.4.0.preproc,rddns.o,948
replaypc-0.4.0.preproc,rddnsclient.o,1870
replaypc-0.4.0.preproc,rtv.o,1810
replaypc-0.4.0.preproc,rtvguide.o,2019
replaypc-0.4.0.preproc,sleep.o,90
replaypc-0.4.0.preproc,un-protect.o,1654
replaypc-0.4.0.preproc,version-test.o,279
replaypc-0.4.0.preproc,zipcode.o,611
OpenTCP-1.0.4,arp.c.obj,1816
OpenTCP-1.0.4,bootp.c.obj,1050
OpenTCP-1.0.4,dhcpc.c.obj,2430
OpenTCP-1.0.4,dns.c.obj,1196
OpenTCP-1.0.4,ethernet.c.obj,1658
OpenTCP-1.0.4,http_server.c.obj,1352
OpenTCP-1.0.4,https_callbacks.c.obj,662
OpenTCP-1.0.4,icmp.c.obj,304
OpenTCP-1.0.4,ip.c.obj,2178
OpenTCP-1.0.4,main_demo.c.obj,226
OpenTCP-1.0.4,pop3_client.c.obj,3449
OpenTCP-1.0.4,pop3c_callbacks.c.obj,78
OpenTCP-1.0.4,smtp_client.c.obj,2176
OpenTCP-1.0.4,smtpc_callbacks.c.obj,90
OpenTCP-1.0.4,system.c.obj,1040
OpenTCP-1.0.4,tcp.c.obj,4774
OpenTCP-1.0.4,tcp_client_demo.c.obj,342
OpenTCP-1.0.4,tcp_server_demo.c.obj,318
OpenTCP-1.0.4,tftps.c.obj,732
OpenTCP-1.0.4,timers.c.obj,262
OpenTCP-1.0.4,udp.c.obj,1188
OpenTCP-1.0.4,udp_demo.c.obj,254
bzip2-1.0.2,blocksort.c.obj,5303
bzip2-1.0.2,bzip2.c.obj,16619
bzip2-1.0.2,bzip2recover.c.obj,3821
bzip2-1.0.2,bzlib.c.obj,9249
bzip2-1.0.2,compress.c.obj,12071
bzip2-1.0.2,crctable.c.obj,0
bzip2-1.0.2,decompress.c.obj,8033
bzip2-1.0.2,huffman.c.obj,1044
bzip2-1.0.2,randtable.c.obj,0
mpeg2dec-0.3.1,alloc.c.obj,110
mpeg2dec-0.3.1,cpu_accel.c.obj,12
mpeg2dec-0.3.1,cpu_state.c.obj,10
mpeg2dec-0.3.1,decode.c.obj,2244
mpeg2dec-0.3.1,extract_mpeg2.c.obj,2958
mpeg2dec-0.3.1,getopt.c.obj,2940
mpeg2dec-0.3.1,gettimeofday.c.obj,0
mpeg2dec-0.3.1,header.c.obj,3276
mpeg2dec-0.3.1,idct.c.obj,1516
mpeg2dec-0.3.1,idct_alpha.c.obj,0
mpeg2dec-0.3.1,idct_altivec.c.obj,0
mpeg2dec-0.3.1,idct_mlib.c.obj,0
mpeg2dec-0.3.1,idct_mmx.c.obj,0
mpeg2dec-0.3.1,motion_comp.c.obj,5178
mpeg2dec-0.3.1,motion_comp_alpha.c.obj,0
mpeg2dec-0.3.1,motion_comp_altivec.c.obj,0
mpeg2dec-0.3.1,motion_comp_mlib.c.obj,0
mpeg2dec-0.3.1,motion_comp_mmx.c.obj,0
mpeg2dec-0.3.1,mpeg2dec.c.obj,4002
mpeg2dec-0.3.1,slice.c.obj,14608
mpeg2dec-0.3.1,video_out.c.obj,76
mpeg2dec-0.3.1,video_out_dx.c.obj,0
mpeg2dec-0.3.1,video_out_null.c.obj,410
mpeg2dec-0.3.1,video_out_pgm.c.obj,505
mpeg2dec-0.3.1,video_out_sdl.c.obj,767
mpeg2dec-0.3.1,video_out_x11.c.obj,0
mpeg2dec-0.3.1,yuv2rgb.c.obj,4342
mpeg2dec-0.3.1,yuv2rgb_mlib.c.obj,0
mpeg2dec-0.3.1,yuv2rgb_mmx.c.obj,0
jikespg-1.3,ctabs.c.obj,48197
jikespg-1.3,globals.c.obj,48
jikespg-1.3,lpgparse.c.obj,43855
jikespg-1.3,lpgutil.c.obj,4791
jikespg-1.3,main.c.obj,6247
jikespg-1.3,mkfirst.c.obj,15202
jikespg-1.3,mkred.c.obj,6598
jikespg-1.3,mkstates.c.obj,2827
jikespg-1.3,partset.c.obj,1410
jikespg-1.3,prntstat.c.obj,3608
jikespg-1.3,produce.c.obj,11149
jikespg-1.3,ptables.c.obj,3203
jikespg-1.3,remsp.c.obj,7784
jikespg-1.3,resolve.c.obj,11458
jikespg-1.3,spacetab.c.obj,20433
jikespg-1.3,tabutil.c.obj,12894
jikespg-1.3,timetab.c.obj,9694
libmspack,cabc.c.obj,22
libmspack,cabd.c.obj,5118
libmspack,cabd_md5.c.obj,1221
libmspack,cabd_test.c.obj,11106
libmspack,cabextract_md5.c.obj,22939
libmspack,cabrip.c.obj,419
libmspack,chmc.c.obj,22
libmspack,chmd.c.obj,3320
libmspack,chmd_md5.c.obj,1082
libmspack,hlpc.c.obj,22
libmspack,hlpd.c.obj,22
libmspack,kwajc.c.obj,22
libmspack,kwajd.c.obj,22
libmspack,litc.c.obj,22
libmspack,litd.c.obj,22
libmspack,lzxc.c.obj,0
libmspack,lzxd.c.obj,6028
libmspack,md5.c.obj,2796
libmspack,mszipc.c.obj,0
libmspack,mszipd.c.obj,42
libmspack,qtmc.c.obj,0
libmspack,qtmd.c.obj,4752
libmspack,system.c.obj,572
libmspack,szddc.c.obj,22
libmspack,szddd.c.obj,22
compiler,cg.c.obj,2559
compiler,main.c.obj,2576
compiler,parser.c.obj,4428
compiler,scanner.c.obj,3935
compiler,vam.c.obj,3769
compiler,vas.c.obj,5954
teem-1.6.0-src,1op.c.obj,1671
teem-1.6.0-src,2op.c.obj,2172
teem-1.6.0-src,3op.c.obj,2282
teem-1.6.0-src,754.c.obj,1549
teem-1.6.0-src,about.c.obj,2764
teem-1.6.0-src,accessors.c.obj,7707
teem-1.6.0-src,aniso.c.obj,3460
teem-1.6.0-src,apply1D.c.obj,8159
teem-1.6.0-src,arith.c.obj,6280
teem-1.6.0-src,array.c.obj,570
teem-1.6.0-src,arraysNrrd.c.obj,0
teem-1.6.0-src,ax.c.obj,2933
teem-1.6.0-src,axdelete.c.obj,1390
teem-1.6.0-src,axinfo.c.obj,1445
teem-1.6.0-src,axinsert.c.obj,1103
teem-1.6.0-src,axis.c.obj,3096
teem-1.6.0-src,axmerge.c.obj,1359
teem-1.6.0-src,axsplit.c.obj,1138
teem-1.6.0-src,bday.c.obj,1050
teem-1.6.0-src,biff.c.obj,2503
teem-1.6.0-src,bimod.c.obj,6587
teem-1.6.0-src,block.c.obj,1114
teem-1.6.0-src,bounds.c.obj,8453
teem-1.6.0-src,bow.c.obj,662
teem-1.6.0-src,cam.c.obj,5217
teem-1.6.0-src,cc.c.obj,10467
teem-1.6.0-src,ccadj.c.obj,1159
teem-1.6.0-src,ccfind.c.obj,1725
teem-1.6.0-src,ccmerge.c.obj,2639
teem-1.6.0-src,ccmethods.c.obj,1208
teem-1.6.0-src,ccsettle.c.obj,1050
teem-1.6.0-src,chan.c.obj,8795
teem-1.6.0-src,clip.c.obj,788
teem-1.6.0-src,cmedian.c.obj,2518
teem-1.6.0-src,color.c.obj,8900
teem-1.6.0-src,comment.c.obj,451
teem-1.6.0-src,conv.c.obj,416
teem-1.6.0-src,convert.c.obj,1148
teem-1.6.0-src,convertDye.c.obj,3128
teem-1.6.0-src,convertNrrd.c.obj,3950
teem-1.6.0-src,convo.c.obj,1889
teem-1.6.0-src,coreAlan.c.obj,3923
teem-1.6.0-src,crop.c.obj,1406
teem-1.6.0-src,ctx.c.obj,4446
teem-1.6.0-src,cubicEll.c.obj,2308
teem-1.6.0-src,data.c.obj,1268
teem-1.6.0-src,defaultsBane.c.obj,5
teem-1.6.0-src,defaultsGage.c.obj,5
teem-1.6.0-src,defaultsHest.c.obj,0
teem-1.6.0-src,defaultsHoover.c.obj,7
teem-1.6.0-src,defaultsLimn.c.obj,5
teem-1.6.0-src,defaultsMite.c.obj,5
teem-1.6.0-src,defaultsMoss.c.obj,5
teem-1.6.0-src,defaultsNrrd.c.obj,639
teem-1.6.0-src,defaultsTen.c.obj,16
teem-1.6.0-src,dehex.c.obj,817
teem-1.6.0-src,dhisto.c.obj,1330
teem-1.6.0-src,dice.c.obj,1842
teem-1.6.0-src,dio.c.obj,1892
teem-1.6.0-src,doubleprint.c.obj,656
teem-1.6.0-src,eigen.c.obj,5320
teem-1.6.0-src,encoding.c.obj,674
teem-1.6.0-src,encodingAscii.c.obj,1527
teem-1.6.0-src,encodingBzip2.c.obj,570
teem-1.6.0-src,encodingGzip.c.obj,638
teem-1.6.0-src,encodingHex.c.obj,1578
teem-1.6.0-src,encodingRaw.c.obj,1972
teem-1.6.0-src,endianAir.c.obj,4
teem-1.6.0-src,endianNrrd.c.obj,349
teem-1.6.0-src,enhex.c.obj,743
teem-1.6.0-src,enum.c.obj,998
teem-1.6.0-src,enumsAlan.c.obj,0
teem-1.6.0-src,enumsEcho.c.obj,0
teem-1.6.0-src,enumsNrrd.c.obj,0
teem-1.6.0-src,enumsTen.c.obj,0
teem-1.6.0-src,env.c.obj,1195
teem-1.6.0-src,epireg.c.obj,14272
teem-1.6.0-src,ex0.c.obj,517
teem-1.6.0-src,ex1.c.obj,1257
teem-1.6.0-src,ex2.c.obj,966
teem-1.6.0-src,ex3.c.obj,1544
teem-1.6.0-src,ex4.c.obj,1106
teem-1.6.0-src,ex5.c.obj,805
teem-1.6.0-src,fiber.c.obj,5087
teem-1.6.0-src,fiberMethods.c.obj,2765
teem-1.6.0-src,filt.c.obj,6401
teem-1.6.0-src,filter.c.obj,3160
teem-1.6.0-src,flip.c.obj,812
teem-1.6.0-src,floatprint.c.obj,654
teem-1.6.0-src,flotsam.c.obj,2572
teem-1.6.0-src,format.c.obj,718
teem-1.6.0-src,formatEPS.c.obj,2545
teem-1.6.0-src,formatNRRD.c.obj,3737
teem-1.6.0-src,formatPNG.c.obj,748
teem-1.6.0-src,formatPNM.c.obj,3031
teem-1.6.0-src,formatText.c.obj,2791
teem-1.6.0-src,formatVTK.c.obj,5715
teem-1.6.0-src,fp.c.obj,1634
teem-1.6.0-src,gamma.c.obj,1356
teem-1.6.0-src,genmat.c.obj,3458
teem-1.6.0-src,genvol.c.obj,1817
teem-1.6.0-src,gkmsFlotsam.c.obj,2092
teem-1.6.0-src,gkmsHvol.c.obj,2852
teem-1.6.0-src,gkmsInfo.c.obj,1309
teem-1.6.0-src,gkmsMite.c.obj,1168
teem-1.6.0-src,gkmsOpac.c.obj,3191
teem-1.6.0-src,gkmsPvg.c.obj,2646
teem-1.6.0-src,gkmsScat.c.obj,1520
teem-1.6.0-src,gkmsTxf.c.obj,3224
teem-1.6.0-src,glyph.c.obj,5169
teem-1.6.0-src,gzio.c.obj,0
teem-1.6.0-src,head.c.obj,1412
teem-1.6.0-src,heq.c.obj,2085
teem-1.6.0-src,hestLimn.c.obj,1060
teem-1.6.0-src,hestMoss.c.obj,1082
teem-1.6.0-src,hestNrrd.c.obj,1115
teem-1.6.0-src,histax.c.obj,1349
teem-1.6.0-src,histo.c.obj,1524
teem-1.6.0-src,histogram.c.obj,6247
teem-1.6.0-src,hvol.c.obj,7105
teem-1.6.0-src,imap.c.obj,2494
teem-1.6.0-src,inc.c.obj,3553
teem-1.6.0-src,inset.c.obj,1379
teem-1.6.0-src,intx.c.obj,15402
teem-1.6.0-src,invert.c.obj,679
teem-1.6.0-src,io.c.obj,877
teem-1.6.0-src,iter.c.obj,687
teem-1.6.0-src,jhisto.c.obj,2657
teem-1.6.0-src,join.c.obj,1466
teem-1.6.0-src,kernel.c.obj,26251
teem-1.6.0-src,keyvalue.c.obj,809
teem-1.6.0-src,kv.c.obj,391
teem-1.6.0-src,light.c.obj,448
teem-1.6.0-src,lightEcho.c.obj,847
teem-1.6.0-src,list.c.obj,1598
teem-1.6.0-src,lut.c.obj,2113
teem-1.6.0-src,make.c.obj,6463
teem-1.6.0-src,map.c.obj,344
teem-1.6.0-src,mat.c.obj,23798
teem-1.6.0-src,matter.c.obj,404
teem-1.6.0-src,measr.c.obj,322
teem-1.6.0-src,measure.c.obj,11011
teem-1.6.0-src,methodsAlan.c.obj,2243
teem-1.6.0-src,methodsBane.c.obj,611
teem-1.6.0-src,methodsDye.c.obj,1202
teem-1.6.0-src,methodsEcho.c.obj,573
teem-1.6.0-src,methodsHest.c.obj,2388
teem-1.6.0-src,methodsHoover.c.obj,1700
teem-1.6.0-src,methodsLimn.c.obj,322
teem-1.6.0-src,methodsMoss.c.obj,1066
teem-1.6.0-src,methodsNrrd.c.obj,4055
teem-1.6.0-src,minmax.c.obj,304
teem-1.6.0-src,miscAir.c.obj,4328
teem-1.6.0-src,miscEll.c.obj,1277
teem-1.6.0-src,miscGage.c.obj,659
teem-1.6.0-src,miscTen.c.obj,3598
teem-1.6.0-src,mod.c.obj,3089
teem-1.6.0-src,model.c.obj,1352
teem-1.6.0-src,mop.c.obj,1137
teem-1.6.0-src,obj.c.obj,830
teem-1.6.0-src,objmethods.c.obj,976
teem-1.6.0-src,opac.c.obj,522
teem-1.6.0-src,pad.c.obj,1786
teem-1.6.0-src,parseAir.c.obj,1440
teem-1.6.0-src,parseHest.c.obj,12185
teem-1.6.0-src,parseNrrd.c.obj,6321
teem-1.6.0-src,permute.c.obj,1009
teem-1.6.0-src,pos.c.obj,593
teem-1.6.0-src,print.c.obj,6231
teem-1.6.0-src,project.c.obj,1885
teem-1.6.0-src,pvl.c.obj,1398
teem-1.6.0-src,qn.c.obj,2697
teem-1.6.0-src,quadvol.c.obj,1757
teem-1.6.0-src,quantize.c.obj,1636
teem-1.6.0-src,quat.c.obj,15638
teem-1.6.0-src,range.c.obj,726
teem-1.6.0-src,rangeBane.c.obj,1224
teem-1.6.0-src,ray.c.obj,4616
teem-1.6.0-src,rays.c.obj,3939
teem-1.6.0-src,read.c.obj,2782
teem-1.6.0-src,renderEcho.c.obj,5131
teem-1.6.0-src,renderLimn.c.obj,3249
teem-1.6.0-src,renderMite.c.obj,1161
teem-1.6.0-src,reorder.c.obj,8778
teem-1.6.0-src,resample.c.obj,3438
teem-1.6.0-src,resampleNrrd.c.obj,6553
teem-1.6.0-src,reshape.c.obj,982
teem-1.6.0-src,rmap.c.obj,2553
teem-1.6.0-src,sampler.c.obj,2410
teem-1.6.0-src,sane.c.obj,3047
teem-1.6.0-src,save.c.obj,2828
teem-1.6.0-src,scat.c.obj,691
teem-1.6.0-src,scl.c.obj,0
teem-1.6.0-src,sclanswer.c.obj,6619
teem-1.6.0-src,sclfilter.c.obj,8167
teem-1.6.0-src,sclprint.c.obj,1029
teem-1.6.0-src,set.c.obj,1170
teem-1.6.0-src,shape.c.obj,3517
teem-1.6.0-src,shapes.c.obj,4348
teem-1.6.0-src,shuffle.c.obj,1644
teem-1.6.0-src,sigma.c.obj,173
teem-1.6.0-src,simple.c.obj,4529
teem-1.6.0-src,slice.c.obj,1253
teem-1.6.0-src,soid.c.obj,3377
teem-1.6.0-src,sort3.c.obj,728
teem-1.6.0-src,splice.c.obj,1401
teem-1.6.0-src,splineEval.c.obj,7209
teem-1.6.0-src,splineMethods.c.obj,4796
teem-1.6.0-src,splineMisc.c.obj,2375
teem-1.6.0-src,sqd.c.obj,8733
teem-1.6.0-src,st.c.obj,2979
teem-1.6.0-src,string.c.obj,1120
teem-1.6.0-src,strings.c.obj,1167
teem-1.6.0-src,stub.c.obj,116
teem-1.6.0-src,subset.c.obj,2505
teem-1.6.0-src,superset.c.obj,4529
teem-1.6.0-src,swap.c.obj,855
teem-1.6.0-src,tbc.c.obj,1788
teem-1.6.0-src,tblah.c.obj,1245
teem-1.6.0-src,tcam.c.obj,1268
teem-1.6.0-src,tcamanim.c.obj,3443
teem-1.6.0-src,tem.c.obj,1112
teem-1.6.0-src,tenGage.c.obj,2849
teem-1.6.0-src,tendAnhist.c.obj,1193
teem-1.6.0-src,tendAnplot.c.obj,1669
teem-1.6.0-src,tendAnscale.c.obj,1401
teem-1.6.0-src,tendAnvol.c.obj,1517
teem-1.6.0-src,tendBmat.c.obj,1351
teem-1.6.0-src,tendEllipse.c.obj,2705
teem-1.6.0-src,tendEpireg.c.obj,4560
teem-1.6.0-src,tendEstim.c.obj,3917
teem-1.6.0-src,tendEval.c.obj,1724
teem-1.6.0-src,tendEvaladd.c.obj,996
teem-1.6.0-src,tendEvalclamp.c.obj,1286
teem-1.6.0-src,tendEvalpow.c.obj,907
teem-1.6.0-src,tendEvec.c.obj,1738
teem-1.6.0-src,tendEvecrgb.c.obj,1951
teem-1.6.0-src,tendEvq.c.obj,2205
teem-1.6.0-src,tendExpand.c.obj,1474
teem-1.6.0-src,tendFiber.c.obj,2632
teem-1.6.0-src,tendFlotsam.c.obj,1274
teem-1.6.0-src,tendGlyph.c.obj,6792
teem-1.6.0-src,tendMake.c.obj,977
teem-1.6.0-src,tendNorm.c.obj,1329
teem-1.6.0-src,tendPoint.c.obj,1720
teem-1.6.0-src,tendSatin.c.obj,5548
teem-1.6.0-src,tendShrink.c.obj,964
teem-1.6.0-src,tendSim.c.obj,1386
teem-1.6.0-src,tendSlice.c.obj,1031
teem-1.6.0-src,tendSten.c.obj,1378
teem-1.6.0-src,tensor.c.obj,6735
teem-1.6.0-src,test.c.obj,954
teem-1.6.0-src,tg.c.obj,2739
teem-1.6.0-src,thread.c.obj,284
teem-1.6.0-src,threadAir.c.obj,1302
teem-1.6.0-src,tinfo.c.obj,559
teem-1.6.0-src,tkernel.c.obj,2043
teem-1.6.0-src,tline.c.obj,457
teem-1.6.0-src,tmfKernel.c.obj,193993
teem-1.6.0-src,tmop.c.obj,585
teem-1.6.0-src,tok.c.obj,308
teem-1.6.0-src,tps.c.obj,2448
teem-1.6.0-src,tq.c.obj,4339
teem-1.6.0-src,trand.c.obj,177
teem-1.6.0-src,transform.c.obj,2889
teem-1.6.0-src,tread.c.obj,302
teem-1.6.0-src,trend.c.obj,7997
teem-1.6.0-src,trex.c.obj,368
teem-1.6.0-src,trnsf.c.obj,4474
teem-1.6.0-src,tspline.c.obj,2109
teem-1.6.0-src,tspot.c.obj,967
teem-1.6.0-src,tt.c.obj,3042
teem-1.6.0-src,txf.c.obj,3647
teem-1.6.0-src,typestest.c.obj,442
teem-1.6.0-src,unblock.c.obj,1140
teem-1.6.0-src,unquantize.c.obj,1183
teem-1.6.0-src,update.c.obj,5050
teem-1.6.0-src,usage.c.obj,2829
teem-1.6.0-src,user.c.obj,875
teem-1.6.0-src,valid.c.obj,2602
teem-1.6.0-src,vecEll.c.obj,1844
teem-1.6.0-src,vecGage.c.obj,2685
teem-1.6.0-src,vecprint.c.obj,62
teem-1.6.0-src,winKernel.c.obj,21520
teem-1.6.0-src,write.c.obj,4245
teem-1.6.0-src,xform.c.obj,3674
ttt-0.10.1.preproc,connect4.o,7569
ttt-0.10.1.preproc,engine.o,3992
ttt-0.10.1.preproc,main.o,1907
ttt-0.10.1.preproc,parse.o,2646
ttt-0.10.1.preproc,ttt.o,10373
ttt-0.10.1.preproc,util.o,2501
unrarlib-0.4.0,getfile.c.obj,789
unrarlib-0.4.0,listarchive.c.obj,1006
unrarlib-0.4.0,unrarlib.c.obj,11620
libpng-1.2.5,png.c.obj,2553
libpng-1.2.5,png2pnm.c.obj,2567
libpng-1.2.5,pngerror.c.obj,897
libpng-1.2.5,pngget.c.obj,2626
libpng-1.2.5,pngmem.c.obj,529
libpng-1.2.5,pngpread.c.obj,6153
libpng-1.2.5,pngread.c.obj,7360
libpng-1.2.5,pngrio.c.obj,305
libpng-1.2.5,pngrtran.c.obj,16510
libpng-1.2.5,pngrutil.c.obj,14746
libpng-1.2.5,pngset.c.obj,5797
libpng-1.2.5,pngtest.c.obj,5974
libpng-1.2.5,pngtrans.c.obj,1958
libpng-1.2.5,pngwio.c.obj,355
libpng-1.2.5,pngwrite.c.obj,5669
libpng-1.2.5,pngwtran.c.obj,1474
libpng-1.2.5,pngwutil.c.obj,12011
libpng-1.2.5,pnm2png.c.obj,2805
flex-2.5.31,buf.c.obj,977
flex-2.5.31,ccl.c.obj,1136
flex-2.5.31,dfa.c.obj,6882
flex-2.5.31,ecs.c.obj,578
flex-2.5.31,filter.c.obj,2033
flex-2.5.31,gen.c.obj,24194
flex-2.5.31,libmain.c.obj,24
flex-2.5.31,libyywrap.c.obj,12
flex-2.5.31,main.c.obj,18524
flex-2.5.31,misc.c.obj,5938
flex-2.5.31,nfa.c.obj,3614
flex-2.5.31,options.c.obj,1230
flex-2.5.31,parse.c.obj,9734
flex-2.5.31,regex.c.obj,523
flex-2.5.31,scan.c.obj,46106
flex-2.5.31,scanopt.c.obj,2986
flex-2.5.31,skel.c.obj,79802
flex-2.5.31,sym.c.obj,923
flex-2.5.31,tables.c.obj,1953
flex-2.5.31,tables_shared.c.obj,36
flex-2.5.31,tblcmp.c.obj,3722
flex-2.5.31,yylex.c.obj,948
cg_compiler_opensrc,atom.c.obj,3352
cg_compiler_opensrc,binding.c.obj,1571
cg_compiler_opensrc,cgcmain.c.obj,2149
cg_compiler_opensrc,cgstruct.c.obj,76
cg_compiler_opensrc,check.c.obj,3037
cg_compiler_opensrc,compile.c.obj,12379
cg_compiler_opensrc,constfold.c.obj,3038
cg_compiler_opensrc,cpp.c.obj,6218
cg_compiler_opensrc,generic_hal.c.obj,1617
cg_compiler_opensrc,hal.c.obj,2409
cg_compiler_opensrc,inline.c.obj,2490
cg_compiler_opensrc,memory.c.obj,460
cg_compiler_opensrc,parser.c.obj,12479
cg_compiler_opensrc,printutils.c.obj,9875
cg_compiler_opensrc,scanner.c.obj,5687
cg_compiler_opensrc,semantic.c.obj,3842
cg_compiler_opensrc,stdlib.c.obj,10
cg_compiler_opensrc,support.c.obj,21203
cg_compiler_opensrc,support_iter.c.obj,1668
cg_compiler_opensrc,symbols.c.obj,6629
cg_compiler_opensrc,tokenize.c.obj,704
cg_compiler_opensrc,tokens.c.obj,2819
lwip-0.5.3.preproc,api_lib.o,5147
lwip-0.5.3.preproc,api_msg.o,4332
lwip-0.5.3.preproc,arp.o,2424
lwip-0.5.3.preproc,err.o,0
lwip-0.5.3.preproc,fs.o,40271
lwip-0.5.3.preproc,httpd.o,1614
lwip-0.5.3.preproc,icmp.o,1693
lwip-0.5.3.preproc,inet.o,946
lwip-0.5.3.preproc,ip.o,2968
lwip-0.5.3.preproc,ip_addr.o,0
lwip-0.5.3.preproc,loopif.o,313
lwip-0.5.3.preproc,mem.o,2133
lwip-0.5.3.preproc,memp.o,2054
lwip-0.5.3.preproc,netif.o,798
lwip-0.5.3.preproc,pbuf.o,3367
lwip-0.5.3.preproc,shell.o,12497
lwip-0.5.3.preproc,simhost.o,722
lwip-0.5.3.preproc,simnode.o,659
lwip-0.5.3.preproc,simrouter.o,844
lwip-0.5.3.preproc,sockets.o,2686
lwip-0.5.3.preproc,stats.o,78
lwip-0.5.3.preproc,sys.o,1044
lwip-0.5.3.preproc,tcp.o,6733
lwip-0.5.3.preproc,tcp_input.o,10939
lwip-0.5.3.preproc,tcp_output.o,5832
lwip-0.5.3.preproc,tcpdump.o,1993
lwip-0.5.3.preproc,tcpecho.o,332
lwip-0.5.3.preproc,tcpip.o,706
lwip-0.5.3.preproc,udp.o,2607
lwip-0.5.3.preproc,udpecho.o,394
