Compiler version,clang version 7.0.0 (trunk 329331)
Compiler flags,-Oz

Date,2018-04-05
Revision,329331

mpgcut-1.1,mpgcut.c.o,9650
jpeg-6b,ansi2knr.c.o,3261
jpeg-6b,cdjpeg.c.o,248
jpeg-6b,cjpeg.c.o,6438
jpeg-6b,ckconfig.c.o,2677
jpeg-6b,djpeg.c.o,7160
jpeg-6b,jcapimin.c.o,1168
jpeg-6b,jcapistd.c.o,655
jpeg-6b,jccoefct.c.o,2287
jpeg-6b,jccolor.c.o,1796
jpeg-6b,jcdctmgr.c.o,1786
jpeg-6b,jchuff.c.o,4199
jpeg-6b,jcinit.c.o,239
jpeg-6b,jcmainct.c.o,563
jpeg-6b,jcmarker.c.o,2721
jpeg-6b,jcmaster.c.o,3265
jpeg-6b,jcomapi.c.o,277
jpeg-6b,jcparam.c.o,3772
jpeg-6b,jcphuff.c.o,3689
jpeg-6b,jcprepct.c.o,1777
jpeg-6b,jcsample.c.o,2631
jpeg-6b,jctrans.c.o,1745
jpeg-6b,jdapimin.c.o,1600
jpeg-6b,jdapistd.c.o,1268
jpeg-6b,jdatadst.c.o,482
jpeg-6b,jdatasrc.c.o,502
jpeg-6b,jdcoefct.c.o,4429
jpeg-6b,jdcolor.c.o,1623
jpeg-6b,jddctmgr.c.o,996
jpeg-6b,jdhuff.c.o,3319
jpeg-6b,jdinput.c.o,1634
jpeg-6b,jdmainct.c.o,2082
jpeg-6b,jdmarker.c.o,8363
jpeg-6b,jdmaster.c.o,2264
jpeg-6b,jdmerge.c.o,1827
jpeg-6b,jdphuff.c.o,3823
jpeg-6b,jdpostct.c.o,1152
jpeg-6b,jdsample.c.o,2086
jpeg-6b,jdtrans.c.o,501
jpeg-6b,jerror.c.o,6215
jpeg-6b,jfdctflt.c.o,714
jpeg-6b,jfdctfst.c.o,561
jpeg-6b,jfdctint.c.o,854
jpeg-6b,jidctflt.c.o,1180
jpeg-6b,jidctfst.c.o,1086
jpeg-6b,jidctint.c.o,1339
jpeg-6b,jidctred.c.o,1557
jpeg-6b,jmemmgr.c.o,4378
jpeg-6b,jmemnobs.c.o,236
jpeg-6b,jpegtran.c.o,4551
jpeg-6b,jquant1.c.o,3631
jpeg-6b,jquant2.c.o,5309
jpeg-6b,jutils.c.o,609
jpeg-6b,rdbmp.c.o,2838
jpeg-6b,rdcolmap.c.o,1223
jpeg-6b,rdgif.c.o,149
jpeg-6b,rdjpgcom.c.o,2657
jpeg-6b,rdppm.c.o,2405
jpeg-6b,rdrle.c.o,0
jpeg-6b,rdswitch.c.o,2629
jpeg-6b,rdtarga.c.o,2362
jpeg-6b,transupp.c.o,5685
jpeg-6b,wrbmp.c.o,2185
jpeg-6b,wrgif.c.o,1783
jpeg-6b,wrjpgcom.c.o,3465
jpeg-6b,wrppm.c.o,857
jpeg-6b,wrrle.c.o,0
jpeg-6b,wrtarga.c.o,1085
zlib-1.1.4,adler32.c.o,478
zlib-1.1.4,compress.c.o,270
zlib-1.1.4,crc32.c.o,2438
zlib-1.1.4,deflate.c.o,7173
zlib-1.1.4,example.c.o,5412
zlib-1.1.4,gzio.c.o,4926
zlib-1.1.4,infblock.c.o,4372
zlib-1.1.4,infcodes.c.o,2205
zlib-1.1.4,inffast.c.o,1370
zlib-1.1.4,inflate.c.o,2348
zlib-1.1.4,inftrees.c.o,2701
zlib-1.1.4,infutil.c.o,358
zlib-1.1.4,minigzip.c.o,1682
zlib-1.1.4,trees.c.o,9646
zlib-1.1.4,uncompr.c.o,234
zlib-1.1.4,zutil.c.o,274
replaypc-0.4.0.preproc,ReplayPC.o,6092
replaypc-0.4.0.preproc,addressbook.o,1183
replaypc-0.4.0.preproc,bigfile.o,681
replaypc-0.4.0.preproc,build-ndx.o,1000
replaypc-0.4.0.preproc,cg.o,3613
replaypc-0.4.0.preproc,channelset.o,385
replaypc-0.4.0.preproc,crypt-test.o,2398
replaypc-0.4.0.preproc,crypt.o,1496
replaypc-0.4.0.preproc,dump-addressbook.o,788
replaypc-0.4.0.preproc,dump-cg2.o,734
replaypc-0.4.0.preproc,dump-channelset.o,624
replaypc-0.4.0.preproc,dump-filedarray.o,824
replaypc-0.4.0.preproc,dump-guide.o,973
replaypc-0.4.0.preproc,dump-headend.o,597
replaypc-0.4.0.preproc,dump-programset.o,1005
replaypc-0.4.0.preproc,dump-replaychannels.o,531
replaypc-0.4.0.preproc,dump-replayshows.o,526
replaypc-0.4.0.preproc,dump-zipcode2.o,526
replaypc-0.4.0.preproc,dump.o,2649
replaypc-0.4.0.preproc,filedarray.o,434
replaypc-0.4.0.preproc,find-GOPs.o,518
replaypc-0.4.0.preproc,guide.o,10278
replaypc-0.4.0.preproc,guideclient.o,1230
replaypc-0.4.0.preproc,headend.o,1386
replaypc-0.4.0.preproc,httpclient.o,4659
replaypc-0.4.0.preproc,httpfs.o,9409
replaypc-0.4.0.preproc,httpfsclient.o,3904
replaypc-0.4.0.preproc,mark-commercial.o,2768
replaypc-0.4.0.preproc,ndx-dump.o,5679
replaypc-0.4.0.preproc,ndx.o,913
replaypc-0.4.0.preproc,program.o,2993
replaypc-0.4.0.preproc,rddns.o,948
replaypc-0.4.0.preproc,rddnsclient.o,1870
replaypc-0.4.0.preproc,rtv.o,1810
replaypc-0.4.0.preproc,rtvguide.o,2019
replaypc-0.4.0.preproc,sleep.o,90
replaypc-0.4.0.preproc,un-protect.o,1654
replaypc-0.4.0.preproc,version-test.o,279
replaypc-0.4.0.preproc,zipcode.o,611
OpenTCP-1.0.4,arp.c.o,2627
OpenTCP-1.0.4,bootp.c.o,881
OpenTCP-1.0.4,dhcpc.c.o,1723
OpenTCP-1.0.4,dns.c.o,1465
OpenTCP-1.0.4,ethernet.c.o,2371
OpenTCP-1.0.4,http_server.c.o,1858
OpenTCP-1.0.4,https_callbacks.c.o,720
OpenTCP-1.0.4,icmp.c.o,499
OpenTCP-1.0.4,ip.c.o,2722
OpenTCP-1.0.4,main_demo.c.o,330
OpenTCP-1.0.4,pop3_client.c.o,4433
OpenTCP-1.0.4,pop3c_callbacks.c.o,179
OpenTCP-1.0.4,smtp_client.c.o,2535
OpenTCP-1.0.4,smtpc_callbacks.c.o,192
OpenTCP-1.0.4,system.c.o,1320
OpenTCP-1.0.4,tcp.c.o,6835
OpenTCP-1.0.4,tcp_client_demo.c.o,420
OpenTCP-1.0.4,tcp_server_demo.c.o,419
OpenTCP-1.0.4,tftps.c.o,1051
OpenTCP-1.0.4,timers.c.o,377
OpenTCP-1.0.4,udp.c.o,1810
OpenTCP-1.0.4,udp_demo.c.o,332
bzip2-1.0.2,blocksort.c.o,8101
bzip2-1.0.2,bzip2.c.o,18411
bzip2-1.0.2,bzip2recover.c.o,3805
bzip2-1.0.2,bzlib.c.o,12248
bzip2-1.0.2,compress.c.o,8420
bzip2-1.0.2,crctable.c.o,0
bzip2-1.0.2,decompress.c.o,12379
bzip2-1.0.2,huffman.c.o,1169
bzip2-1.0.2,randtable.c.o,0
mpeg2dec-0.3.1,alloc.c.o,179
mpeg2dec-0.3.1,cpu_accel.c.o,51
mpeg2dec-0.3.1,cpu_state.c.o,49
mpeg2dec-0.3.1,decode.c.o,2822
mpeg2dec-0.3.1,extract_mpeg2.c.o,4410
mpeg2dec-0.3.1,getopt.c.o,0
mpeg2dec-0.3.1,gettimeofday.c.o,0
mpeg2dec-0.3.1,header.c.o,4931
mpeg2dec-0.3.1,idct.c.o,1654
mpeg2dec-0.3.1,idct_alpha.c.o,0
mpeg2dec-0.3.1,idct_altivec.c.o,0
mpeg2dec-0.3.1,idct_mlib.c.o,0
mpeg2dec-0.3.1,idct_mmx.c.o,0
mpeg2dec-0.3.1,motion_comp.c.o,6401
mpeg2dec-0.3.1,motion_comp_alpha.c.o,0
mpeg2dec-0.3.1,motion_comp_altivec.c.o,0
mpeg2dec-0.3.1,motion_comp_mlib.c.o,0
mpeg2dec-0.3.1,motion_comp_mmx.c.o,0
mpeg2dec-0.3.1,mpeg2dec.c.o,5991
mpeg2dec-0.3.1,slice.c.o,20060
mpeg2dec-0.3.1,video_out.c.o,112
mpeg2dec-0.3.1,video_out_dx.c.o,0
mpeg2dec-0.3.1,video_out_null.c.o,453
mpeg2dec-0.3.1,video_out_pgm.c.o,792
mpeg2dec-0.3.1,video_out_sdl.c.o,1057
mpeg2dec-0.3.1,video_out_x11.c.o,0
mpeg2dec-0.3.1,yuv2rgb.c.o,4927
mpeg2dec-0.3.1,yuv2rgb_mlib.c.o,0
mpeg2dec-0.3.1,yuv2rgb_mmx.c.o,0
jikespg-1.3,ctabs.c.o,50055
jikespg-1.3,globals.c.o,56
jikespg-1.3,lpgparse.c.o,47527
jikespg-1.3,lpgutil.c.o,5842
jikespg-1.3,main.c.o,6781
jikespg-1.3,mkfirst.c.o,15231
jikespg-1.3,mkred.c.o,7251
jikespg-1.3,mkstates.c.o,3169
jikespg-1.3,partset.c.o,1733
jikespg-1.3,prntstat.c.o,3888
jikespg-1.3,produce.c.o,11452
jikespg-1.3,ptables.c.o,3292
jikespg-1.3,remsp.c.o,7861
jikespg-1.3,resolve.c.o,13798
jikespg-1.3,spacetab.c.o,21119
jikespg-1.3,tabutil.c.o,14807
jikespg-1.3,timetab.c.o,10134
libmspack,cabc.c.o,68
libmspack,cabd.c.o,7935
libmspack,cabd_md5.c.o,1545
libmspack,cabd_test.c.o,11737
libmspack,cabextract_md5.c.o,28791
libmspack,cabrip.c.o,660
libmspack,chmc.c.o,68
libmspack,chmd.c.o,4263
libmspack,chmd_md5.c.o,1439
libmspack,hlpc.c.o,68
libmspack,hlpd.c.o,68
libmspack,kwajc.c.o,68
libmspack,kwajd.c.o,68
libmspack,litc.c.o,68
libmspack,litd.c.o,68
libmspack,lzxc.c.o,0
libmspack,lzxd.c.o,8933
libmspack,md5.c.o,3515
libmspack,mszipc.c.o,0
libmspack,mszipd.c.o,107
libmspack,qtmc.c.o,0
libmspack,qtmd.c.o,6161
libmspack,system.c.o,1146
libmspack,szddc.c.o,68
libmspack,szddd.c.o,68
compiler,cg.c.o,3462
compiler,main.c.o,3064
compiler,parser.c.o,5714
compiler,scanner.c.o,3747
compiler,vam.c.o,5409
compiler,vas.c.o,6599
teem-1.6.0-src,1op.c.o,2087
teem-1.6.0-src,2op.c.o,2696
teem-1.6.0-src,3op.c.o,2804
teem-1.6.0-src,754.c.o,2331
teem-1.6.0-src,about.c.o,3060
teem-1.6.0-src,accessors.c.o,8056
teem-1.6.0-src,aniso.c.o,4269
teem-1.6.0-src,apply1D.c.o,9641
teem-1.6.0-src,arith.c.o,7439
teem-1.6.0-src,array.c.o,986
teem-1.6.0-src,arraysNrrd.c.o,0
teem-1.6.0-src,ax.c.o,3621
teem-1.6.0-src,axdelete.c.o,1747
teem-1.6.0-src,axinfo.c.o,1889
teem-1.6.0-src,axinsert.c.o,1467
teem-1.6.0-src,axis.c.o,3274
teem-1.6.0-src,axmerge.c.o,1738
teem-1.6.0-src,axsplit.c.o,1478
teem-1.6.0-src,bday.c.o,1333
teem-1.6.0-src,biff.c.o,3352
teem-1.6.0-src,bimod.c.o,6262
teem-1.6.0-src,block.c.o,1397
teem-1.6.0-src,bounds.c.o,4320
teem-1.6.0-src,bow.c.o,761
teem-1.6.0-src,cam.c.o,5100
teem-1.6.0-src,cc.c.o,14919
teem-1.6.0-src,ccadj.c.o,1460
teem-1.6.0-src,ccfind.c.o,2101
teem-1.6.0-src,ccmerge.c.o,3220
teem-1.6.0-src,ccmethods.c.o,1608
teem-1.6.0-src,ccsettle.c.o,1464
teem-1.6.0-src,chan.c.o,9731
teem-1.6.0-src,clip.c.o,1129
teem-1.6.0-src,cmedian.c.o,3106
teem-1.6.0-src,color.c.o,7381
teem-1.6.0-src,comment.c.o,779
teem-1.6.0-src,conv.c.o,551
teem-1.6.0-src,convert.c.o,1453
teem-1.6.0-src,convertDye.c.o,3696
teem-1.6.0-src,convertNrrd.c.o,4206
teem-1.6.0-src,convo.c.o,2502
teem-1.6.0-src,coreAlan.c.o,5305
teem-1.6.0-src,crop.c.o,1826
teem-1.6.0-src,ctx.c.o,6051
teem-1.6.0-src,cubicEll.c.o,1634
teem-1.6.0-src,data.c.o,1519
teem-1.6.0-src,defaultsBane.c.o,5
teem-1.6.0-src,defaultsGage.c.o,5
teem-1.6.0-src,defaultsHest.c.o,0
teem-1.6.0-src,defaultsHoover.c.o,7
teem-1.6.0-src,defaultsLimn.c.o,5
teem-1.6.0-src,defaultsMite.c.o,5
teem-1.6.0-src,defaultsMoss.c.o,5
teem-1.6.0-src,defaultsNrrd.c.o,710
teem-1.6.0-src,defaultsTen.c.o,16
teem-1.6.0-src,dehex.c.o,989
teem-1.6.0-src,dhisto.c.o,1646
teem-1.6.0-src,dice.c.o,2106
teem-1.6.0-src,dio.c.o,2003
teem-1.6.0-src,doubleprint.c.o,769
teem-1.6.0-src,eigen.c.o,3044
teem-1.6.0-src,encoding.c.o,803
teem-1.6.0-src,encodingAscii.c.o,1943
teem-1.6.0-src,encodingBzip2.c.o,698
teem-1.6.0-src,encodingGzip.c.o,769
teem-1.6.0-src,encodingHex.c.o,1832
teem-1.6.0-src,encodingRaw.c.o,2615
teem-1.6.0-src,endianAir.c.o,4
teem-1.6.0-src,endianNrrd.c.o,482
teem-1.6.0-src,enhex.c.o,881
teem-1.6.0-src,enum.c.o,1233
teem-1.6.0-src,enumsAlan.c.o,0
teem-1.6.0-src,enumsEcho.c.o,0
teem-1.6.0-src,enumsNrrd.c.o,0
teem-1.6.0-src,enumsTen.c.o,0
teem-1.6.0-src,env.c.o,1456
teem-1.6.0-src,epireg.c.o,17671
teem-1.6.0-src,ex0.c.o,768
teem-1.6.0-src,ex1.c.o,1597
teem-1.6.0-src,ex2.c.o,1296
teem-1.6.0-src,ex3.c.o,2054
teem-1.6.0-src,ex4.c.o,1512
teem-1.6.0-src,ex5.c.o,1224
teem-1.6.0-src,fiber.c.o,4166
teem-1.6.0-src,fiberMethods.c.o,3656
teem-1.6.0-src,filt.c.o,7308
teem-1.6.0-src,filter.c.o,3606
teem-1.6.0-src,flip.c.o,1113
teem-1.6.0-src,floatprint.c.o,763
teem-1.6.0-src,flotsam.c.o,3277
teem-1.6.0-src,format.c.o,951
teem-1.6.0-src,formatEPS.c.o,2986
teem-1.6.0-src,formatNRRD.c.o,4717
teem-1.6.0-src,formatPNG.c.o,952
teem-1.6.0-src,formatPNM.c.o,3933
teem-1.6.0-src,formatText.c.o,3692
teem-1.6.0-src,formatVTK.c.o,7281
teem-1.6.0-src,fp.c.o,1847
teem-1.6.0-src,gamma.c.o,1653
teem-1.6.0-src,genmat.c.o,3988
teem-1.6.0-src,genvol.c.o,2031
teem-1.6.0-src,gkmsFlotsam.c.o,2589
teem-1.6.0-src,gkmsHvol.c.o,3361
teem-1.6.0-src,gkmsInfo.c.o,1620
teem-1.6.0-src,gkmsMite.c.o,1469
teem-1.6.0-src,gkmsOpac.c.o,3890
teem-1.6.0-src,gkmsPvg.c.o,3211
teem-1.6.0-src,gkmsScat.c.o,2048
teem-1.6.0-src,gkmsTxf.c.o,3476
teem-1.6.0-src,glyph.c.o,6080
teem-1.6.0-src,gzio.c.o,0
teem-1.6.0-src,head.c.o,1769
teem-1.6.0-src,heq.c.o,2595
teem-1.6.0-src,hestLimn.c.o,1449
teem-1.6.0-src,hestMoss.c.o,1488
teem-1.6.0-src,hestNrrd.c.o,1600
teem-1.6.0-src,histax.c.o,1820
teem-1.6.0-src,histo.c.o,2004
teem-1.6.0-src,histogram.c.o,7871
teem-1.6.0-src,hvol.c.o,8699
teem-1.6.0-src,imap.c.o,2931
teem-1.6.0-src,inc.c.o,3352
teem-1.6.0-src,inset.c.o,1721
teem-1.6.0-src,intx.c.o,10593
teem-1.6.0-src,invert.c.o,962
teem-1.6.0-src,io.c.o,912
teem-1.6.0-src,iter.c.o,949
teem-1.6.0-src,jhisto.c.o,3206
teem-1.6.0-src,join.c.o,1878
teem-1.6.0-src,kernel.c.o,21783
teem-1.6.0-src,keyvalue.c.o,1471
teem-1.6.0-src,kv.c.o,500
teem-1.6.0-src,light.c.o,627
teem-1.6.0-src,lightEcho.c.o,704
teem-1.6.0-src,list.c.o,1713
teem-1.6.0-src,lut.c.o,2490
teem-1.6.0-src,make.c.o,8098
teem-1.6.0-src,map.c.o,387
teem-1.6.0-src,mat.c.o,13244
teem-1.6.0-src,matter.c.o,435
teem-1.6.0-src,measr.c.o,436
teem-1.6.0-src,measure.c.o,10147
teem-1.6.0-src,methodsAlan.c.o,2801
teem-1.6.0-src,methodsBane.c.o,730
teem-1.6.0-src,methodsDye.c.o,1485
teem-1.6.0-src,methodsEcho.c.o,957
teem-1.6.0-src,methodsHest.c.o,3625
teem-1.6.0-src,methodsHoover.c.o,1871
teem-1.6.0-src,methodsLimn.c.o,498
teem-1.6.0-src,methodsMoss.c.o,1478
teem-1.6.0-src,methodsNrrd.c.o,6408
teem-1.6.0-src,minmax.c.o,416
teem-1.6.0-src,miscAir.c.o,4674
teem-1.6.0-src,miscEll.c.o,1039
teem-1.6.0-src,miscGage.c.o,764
teem-1.6.0-src,miscTen.c.o,4638
teem-1.6.0-src,mod.c.o,4173
teem-1.6.0-src,model.c.o,1137
teem-1.6.0-src,mop.c.o,1464
teem-1.6.0-src,obj.c.o,1406
teem-1.6.0-src,objmethods.c.o,1665
teem-1.6.0-src,opac.c.o,679
teem-1.6.0-src,pad.c.o,2304
teem-1.6.0-src,parseAir.c.o,2676
teem-1.6.0-src,parseHest.c.o,17396
teem-1.6.0-src,parseNrrd.c.o,8123
teem-1.6.0-src,permute.c.o,1334
teem-1.6.0-src,pos.c.o,756
teem-1.6.0-src,print.c.o,6240
teem-1.6.0-src,project.c.o,2232
teem-1.6.0-src,pvl.c.o,2080
teem-1.6.0-src,qn.c.o,3026
teem-1.6.0-src,quadvol.c.o,1944
teem-1.6.0-src,quantize.c.o,1969
teem-1.6.0-src,quat.c.o,12106
teem-1.6.0-src,range.c.o,948
teem-1.6.0-src,rangeBane.c.o,1050
teem-1.6.0-src,ray.c.o,3774
teem-1.6.0-src,rays.c.o,3479
teem-1.6.0-src,read.c.o,3798
teem-1.6.0-src,renderEcho.c.o,5624
teem-1.6.0-src,renderLimn.c.o,3745
teem-1.6.0-src,renderMite.c.o,1516
teem-1.6.0-src,reorder.c.o,12149
teem-1.6.0-src,resample.c.o,3907
teem-1.6.0-src,resampleNrrd.c.o,8110
teem-1.6.0-src,reshape.c.o,1297
teem-1.6.0-src,rmap.c.o,2930
teem-1.6.0-src,sampler.c.o,2877
teem-1.6.0-src,sane.c.o,3163
teem-1.6.0-src,save.c.o,3368
teem-1.6.0-src,scat.c.o,1081
teem-1.6.0-src,scl.c.o,0
teem-1.6.0-src,sclanswer.c.o,5589
teem-1.6.0-src,sclfilter.c.o,7987
teem-1.6.0-src,sclprint.c.o,970
teem-1.6.0-src,set.c.o,974
teem-1.6.0-src,shape.c.o,3580
teem-1.6.0-src,shapes.c.o,5517
teem-1.6.0-src,shuffle.c.o,2102
teem-1.6.0-src,sigma.c.o,243
teem-1.6.0-src,simple.c.o,6196
teem-1.6.0-src,slice.c.o,1594
teem-1.6.0-src,soid.c.o,4260
teem-1.6.0-src,sort3.c.o,728
teem-1.6.0-src,splice.c.o,1748
teem-1.6.0-src,splineEval.c.o,5486
teem-1.6.0-src,splineMethods.c.o,6075
teem-1.6.0-src,splineMisc.c.o,3066
teem-1.6.0-src,sqd.c.o,6897
teem-1.6.0-src,st.c.o,4211
teem-1.6.0-src,string.c.o,1565
teem-1.6.0-src,strings.c.o,1405
teem-1.6.0-src,stub.c.o,211
teem-1.6.0-src,subset.c.o,3474
teem-1.6.0-src,superset.c.o,6163
teem-1.6.0-src,swap.c.o,1156
teem-1.6.0-src,tbc.c.o,2239
teem-1.6.0-src,tblah.c.o,1279
teem-1.6.0-src,tcam.c.o,1411
teem-1.6.0-src,tcamanim.c.o,4286
teem-1.6.0-src,tem.c.o,1400
teem-1.6.0-src,tenGage.c.o,4549
teem-1.6.0-src,tendAnhist.c.o,1532
teem-1.6.0-src,tendAnplot.c.o,2029
teem-1.6.0-src,tendAnscale.c.o,1716
teem-1.6.0-src,tendAnvol.c.o,1836
teem-1.6.0-src,tendBmat.c.o,1638
teem-1.6.0-src,tendEllipse.c.o,3227
teem-1.6.0-src,tendEpireg.c.o,5391
teem-1.6.0-src,tendEstim.c.o,4565
teem-1.6.0-src,tendEval.c.o,2308
teem-1.6.0-src,tendEvaladd.c.o,1294
teem-1.6.0-src,tendEvalclamp.c.o,1606
teem-1.6.0-src,tendEvalpow.c.o,1205
teem-1.6.0-src,tendEvec.c.o,2297
teem-1.6.0-src,tendEvecrgb.c.o,2398
teem-1.6.0-src,tendEvq.c.o,2632
teem-1.6.0-src,tendExpand.c.o,1810
teem-1.6.0-src,tendFiber.c.o,3245
teem-1.6.0-src,tendFlotsam.c.o,1618
teem-1.6.0-src,tendGlyph.c.o,8250
teem-1.6.0-src,tendMake.c.o,1269
teem-1.6.0-src,tendNorm.c.o,1617
teem-1.6.0-src,tendPoint.c.o,1906
teem-1.6.0-src,tendSatin.c.o,6205
teem-1.6.0-src,tendShrink.c.o,1247
teem-1.6.0-src,tendSim.c.o,1717
teem-1.6.0-src,tendSlice.c.o,1331
teem-1.6.0-src,tendSten.c.o,1761
teem-1.6.0-src,tensor.c.o,7141
teem-1.6.0-src,test.c.o,1262
teem-1.6.0-src,tg.c.o,2697
teem-1.6.0-src,thread.c.o,441
teem-1.6.0-src,threadAir.c.o,1458
teem-1.6.0-src,tinfo.c.o,727
teem-1.6.0-src,tkernel.c.o,2247
teem-1.6.0-src,tline.c.o,577
teem-1.6.0-src,tmfKernel.c.o,158344
teem-1.6.0-src,tmop.c.o,894
teem-1.6.0-src,tok.c.o,383
teem-1.6.0-src,tps.c.o,3263
teem-1.6.0-src,tq.c.o,5155
teem-1.6.0-src,trand.c.o,267
teem-1.6.0-src,transform.c.o,2400
teem-1.6.0-src,tread.c.o,385
teem-1.6.0-src,trend.c.o,9531
teem-1.6.0-src,trex.c.o,483
teem-1.6.0-src,trnsf.c.o,5664
teem-1.6.0-src,tspline.c.o,2523
teem-1.6.0-src,tspot.c.o,1400
teem-1.6.0-src,tt.c.o,2886
teem-1.6.0-src,txf.c.o,4492
teem-1.6.0-src,typestest.c.o,444
teem-1.6.0-src,unblock.c.o,1461
teem-1.6.0-src,unquantize.c.o,1621
teem-1.6.0-src,update.c.o,6340
teem-1.6.0-src,usage.c.o,3898
teem-1.6.0-src,user.c.o,1183
teem-1.6.0-src,valid.c.o,2873
teem-1.6.0-src,vecEll.c.o,1223
teem-1.6.0-src,vecGage.c.o,3272
teem-1.6.0-src,vecprint.c.o,114
teem-1.6.0-src,winKernel.c.o,18112
teem-1.6.0-src,write.c.o,6097
teem-1.6.0-src,xform.c.o,3870
ttt-0.10.1.preproc,connect4.o,7569
ttt-0.10.1.preproc,engine.o,3992
ttt-0.10.1.preproc,main.o,1907
ttt-0.10.1.preproc,parse.o,2646
ttt-0.10.1.preproc,ttt.o,10373
ttt-0.10.1.preproc,util.o,2501
unrarlib-0.4.0,getfile.c.o,874
unrarlib-0.4.0,listarchive.c.o,1089
unrarlib-0.4.0,unrarlib.c.o,12867
libpng-1.2.5,png.c.o,3402
libpng-1.2.5,png2pnm.c.o,3553
libpng-1.2.5,pngerror.c.o,1251
libpng-1.2.5,pngget.c.o,3719
libpng-1.2.5,pngmem.c.o,821
libpng-1.2.5,pngpread.c.o,7630
libpng-1.2.5,pngread.c.o,7704
libpng-1.2.5,pngrio.c.o,430
libpng-1.2.5,pngrtran.c.o,20890
libpng-1.2.5,pngrutil.c.o,18714
libpng-1.2.5,pngset.c.o,7363
libpng-1.2.5,pngtest.c.o,7775
libpng-1.2.5,pngtrans.c.o,2243
libpng-1.2.5,pngwio.c.o,506
libpng-1.2.5,pngwrite.c.o,7619
libpng-1.2.5,pngwtran.c.o,1837
libpng-1.2.5,pngwutil.c.o,15456
libpng-1.2.5,pnm2png.c.o,4055
flex-2.5.31,buf.c.o,1432
flex-2.5.31,ccl.c.o,1155
flex-2.5.31,dfa.c.o,7129
flex-2.5.31,ecs.c.o,600
flex-2.5.31,filter.c.o,2675
flex-2.5.31,gen.c.o,22337
flex-2.5.31,libmain.c.o,64
flex-2.5.31,libyywrap.c.o,52
flex-2.5.31,main.c.o,17860
flex-2.5.31,misc.c.o,6801
flex-2.5.31,nfa.c.o,4106
flex-2.5.31,options.c.o,1230
flex-2.5.31,parse.c.o,9370
flex-2.5.31,regex.c.o,785
flex-2.5.31,scan.c.o,44032
flex-2.5.31,scanopt.c.o,4179
flex-2.5.31,skel.c.o,79802
flex-2.5.31,sym.c.o,1216
flex-2.5.31,tables.c.o,2714
flex-2.5.31,tables_shared.c.o,73
flex-2.5.31,tblcmp.c.o,3797
flex-2.5.31,yylex.c.o,1059
cg_compiler_opensrc,atom.c.o,4403
cg_compiler_opensrc,binding.c.o,2272
cg_compiler_opensrc,cgcmain.c.o,2753
cg_compiler_opensrc,cgstruct.c.o,174
cg_compiler_opensrc,check.c.o,3977
cg_compiler_opensrc,compile.c.o,17086
cg_compiler_opensrc,constfold.c.o,4583
cg_compiler_opensrc,cpp.c.o,7775
cg_compiler_opensrc,generic_hal.c.o,2168
cg_compiler_opensrc,hal.c.o,3427
cg_compiler_opensrc,inline.c.o,3318
cg_compiler_opensrc,memory.c.o,829
cg_compiler_opensrc,parser.c.o,16054
cg_compiler_opensrc,printutils.c.o,12130
cg_compiler_opensrc,scanner.c.o,8921
cg_compiler_opensrc,semantic.c.o,5058
cg_compiler_opensrc,stdlib.c.o,10
cg_compiler_opensrc,support.c.o,29163
cg_compiler_opensrc,support_iter.c.o,3158
cg_compiler_opensrc,symbols.c.o,8552
cg_compiler_opensrc,tokenize.c.o,1009
cg_compiler_opensrc,tokens.c.o,3468
lwip-0.5.3.preproc,api_lib.o,5147
lwip-0.5.3.preproc,api_msg.o,4332
lwip-0.5.3.preproc,arp.o,2424
lwip-0.5.3.preproc,err.o,0
lwip-0.5.3.preproc,fs.o,40271
lwip-0.5.3.preproc,httpd.o,1614
lwip-0.5.3.preproc,icmp.o,1693
lwip-0.5.3.preproc,inet.o,946
lwip-0.5.3.preproc,ip.o,2968
lwip-0.5.3.preproc,ip_addr.o,0
lwip-0.5.3.preproc,loopif.o,313
lwip-0.5.3.preproc,mem.o,2133
lwip-0.5.3.preproc,memp.o,2054
lwip-0.5.3.preproc,netif.o,798
lwip-0.5.3.preproc,pbuf.o,3367
lwip-0.5.3.preproc,shell.o,12497
lwip-0.5.3.preproc,simhost.o,722
lwip-0.5.3.preproc,simnode.o,659
lwip-0.5.3.preproc,simrouter.o,844
lwip-0.5.3.preproc,sockets.o,2686
lwip-0.5.3.preproc,stats.o,78
lwip-0.5.3.preproc,sys.o,1044
lwip-0.5.3.preproc,tcp.o,6733
lwip-0.5.3.preproc,tcp_input.o,10939
lwip-0.5.3.preproc,tcp_output.o,5832
lwip-0.5.3.preproc,tcpdump.o,1993
lwip-0.5.3.preproc,tcpecho.o,332
lwip-0.5.3.preproc,tcpip.o,706
lwip-0.5.3.preproc,udp.o,2607
lwip-0.5.3.preproc,udpecho.o,394
